0.00000000 0.00000000
0.00628947 0.00628943
0.01257895 0.01257862
0.01886842 0.01886730
0.02515790 0.02515525
0.03144737 0.03144219
0.03773685 0.03772789
0.04402632 0.04401210
0.05031580 0.05029457
0.05660527 0.05657505
0.06289475 0.06285329
0.06918422 0.06912904
0.07547370 0.07540206
0.08176317 0.08167210
0.08805265 0.08793891
0.09434212 0.09420224
0.10063160 0.10046184
0.10692107 0.10671747
0.11321055 0.11296887
0.11950002 0.11921581
0.12578950 0.12545803
0.13207897 0.13169529
0.13836845 0.13792734
0.14465792 0.14415393
0.15094739 0.15037482
0.15723687 0.15658976
0.16352634 0.16279851
0.16981582 0.16900082
0.17610529 0.17519644
0.18239477 0.18138514
0.18868424 0.18756665
0.19497372 0.19374075
0.20126319 0.19990719
0.20755267 0.20606571
0.21384214 0.21221609
0.22013162 0.21835807
0.22642109 0.22449141
0.23271057 0.23061587
0.23900004 0.23673121
0.24528952 0.24283719
0.25157899 0.24893355
0.25786847 0.25502008
0.26415794 0.26109651
0.27044742 0.26716262
0.27673689 0.27321815
0.28302637 0.27926288
0.28931584 0.28529657
0.29560531 0.29131896
0.30189479 0.29732984
0.30818426 0.30332895
0.31447374 0.30931606
0.32076321 0.31529094
0.32705269 0.32125334
0.33334216 0.32720304
0.33963164 0.33313979
0.34592111 0.33906337
0.35221059 0.34497353
0.35850006 0.35087005
0.36478954 0.35675269
0.37107901 0.36262121
0.37736849 0.36847539
0.38365796 0.37431500
0.38994744 0.38013980
0.39623691 0.38594956
0.40252639 0.39174405
0.40881586 0.39752305
0.41510534 0.40328632
0.42139481 0.40903364
0.42768429 0.41476478
0.43397376 0.42047951
0.44026323 0.42617761
0.44655271 0.43185885
0.45284218 0.43752301
0.45913166 0.44316986
0.46542113 0.44879918
0.47171061 0.45441075
0.47800008 0.46000434
0.48428956 0.46557973
0.49057903 0.47113671
0.49686851 0.47667505
0.50315798 0.48219453
0.50944746 0.48769494
0.51573693 0.49317606
0.52202641 0.49863767
0.52831588 0.50407956
0.53460536 0.50950150
0.54089483 0.51490329
0.54718431 0.52028471
0.55347378 0.52564555
0.55976326 0.53098560
0.56605273 0.53630464
0.57234221 0.54160247
0.57863168 0.54687888
0.58492115 0.55213365
0.59121063 0.55736658
0.59750010 0.56257746
0.60378958 0.56776609
0.61007905 0.57293225
0.61636853 0.57807576
0.62265800 0.58319640
0.62894748 0.58829397
0.63523695 0.59336826
0.64152643 0.59841909
0.64781590 0.60344624
0.65410538 0.60844952
0.66039485 0.61342873
0.66668433 0.61838368
0.67297380 0.62331417
0.67926328 0.62822000
0.68555275 0.63310098
0.69184223 0.63795691
0.69813170 0.64278761
0.70442118 0.64759288
0.71071065 0.65237254
0.71700013 0.65712639
0.72328960 0.66185424
0.72957907 0.66655591
0.73586855 0.67123122
0.74215802 0.67587997
0.74844750 0.68050199
0.75473697 0.68509709
0.76102645 0.68966509
0.76731592 0.69420581
0.77360540 0.69871906
0.77989487 0.70320468
0.78618435 0.70766248
0.79247382 0.71209229
0.79876330 0.71649392
0.80505277 0.72086722
0.81134225 0.72521200
0.81763172 0.72952809
0.82392120 0.73381533
0.83021067 0.73807353
0.83650015 0.74230254
0.84278962 0.74650219
0.84907910 0.75067231
0.85536857 0.75481273
0.86165805 0.75892329
0.86794752 0.76300383
0.87423699 0.76705419
0.88052647 0.77107421
0.88681594 0.77506373
0.89310542 0.77902259
0.89939489 0.78295063
0.90568437 0.78684770
0.91197384 0.79071364
0.91826332 0.79454830
0.92455279 0.79835154
0.93084227 0.80212319
0.93713174 0.80586312
0.94342122 0.80957116
0.94971069 0.81324719
0.95600017 0.81689104
0.96228964 0.82050258
0.96857912 0.82408166
0.97486859 0.82762814
0.98115807 0.83114188
0.98744754 0.83462275
0.99373702 0.83807060
1.00002649 0.84148530
1.00631597 0.84486671
1.01260544 0.84821470
1.01889491 0.85152914
1.02518439 0.85480989
1.03147386 0.85805683
1.03776334 0.86126983
1.04405281 0.86444876
1.05034229 0.86759349
1.05663176 0.87070390
1.06292124 0.87377987
1.06921071 0.87682128
1.07550019 0.87982800
1.08178966 0.88279991
1.08807914 0.88573691
1.09436861 0.88863887
1.10065809 0.89150567
1.10694756 0.89433721
1.11323704 0.89713338
1.11952651 0.89989405
1.12581599 0.90261913
1.13210546 0.90530850
1.13839494 0.90796206
1.14468441 0.91057970
1.15097389 0.91316133
1.15726336 0.91570683
1.16355283 0.91821611
1.16984231 0.92068906
1.17613178 0.92312560
1.18242126 0.92552562
1.18871073 0.92788903
1.19500021 0.93021573
1.20128968 0.93250564
1.20757916 0.93475866
1.21386863 0.93697470
1.22015811 0.93915368
1.22644758 0.94129551
1.23273706 0.94340010
1.23902653 0.94546737
1.24531601 0.94749725
1.25160548 0.94948964
1.25789496 0.95144447
1.26418443 0.95336167
1.27047391 0.95524116
1.27676338 0.95708286
1.28305286 0.95888669
1.28934233 0.96065260
1.29563181 0.96238051
1.30192128 0.96407035
1.30821075 0.96572205
1.31450023 0.96733555
1.32078970 0.96891078
1.32707918 0.97044769
1.33336865 0.97194621
1.33965813 0.97340628
1.34594760 0.97482785
1.35223708 0.97621085
1.35852655 0.97755524
1.36481603 0.97886096
1.37110550 0.98012795
1.37739498 0.98135618
1.38368445 0.98254559
1.38997393 0.98369613
1.39626340 0.98480775
1.40255288 0.98588042
1.40884235 0.98691410
1.41513183 0.98790873
1.42142130 0.98886428
1.42771078 0.98978072
1.43400025 0.99065800
1.44028973 0.99149609
1.44657920 0.99229497
1.45286867 0.99305459
1.45915815 0.99377493
1.46544762 0.99445596
1.47173710 0.99509765
1.47802657 0.99569997
1.48431605 0.99626291
1.49060552 0.99678644
1.49689500 0.99727054
1.50318447 0.99771519
1.50947395 0.99812037
1.51576342 0.99848607
1.52205290 0.99881227
1.52834237 0.99909897
1.53463185 0.99934614
1.54092132 0.99955378
1.54721080 0.99972187
1.55350027 0.99985043
1.55978975 0.99993943
1.56607922 0.99998887
1.57236870 0.99999876
1.57865817 0.99996910
1.58494765 0.99989987
1.59123712 0.99979109
1.59752659 0.99964277
1.60381607 0.99945490
1.61010554 0.99922749
1.61639502 0.99896056
1.62268449 0.99865411
1.62897397 0.99830816
1.63526344 0.99792272
1.64155292 0.99749780
1.64784239 0.99703342
1.65413187 0.99652960
1.66042134 0.99598637
1.66671082 0.99540373
1.67300029 0.99478172
1.67928977 0.99412036
1.68557924 0.99341967
1.69186872 0.99267969
1.69815819 0.99190044
1.70444767 0.99108195
1.71073714 0.99022425
1.71702662 0.98932739
1.72331609 0.98839139
1.72960557 0.98741629
1.73589504 0.98640214
1.74218451 0.98534896
1.74847399 0.98425681
1.75476346 0.98312572
1.76105294 0.98195574
1.76734241 0.98074692
1.77363189 0.97949930
1.77992136 0.97821294
1.78621084 0.97688788
1.79250031 0.97552417
1.79878979 0.97412188
1.80507926 0.97268105
1.81136874 0.97120175
1.81765821 0.96968403
1.82394769 0.96812795
1.83023716 0.96653358
1.83652664 0.96490097
1.84281611 0.96323019
1.84910559 0.96152131
1.85539506 0.95977439
1.86168454 0.95798951
1.86797401 0.95616673
1.87426349 0.95430613
1.88055296 0.95240778
1.88684243 0.95047176
1.89313191 0.94849813
1.89942138 0.94648699
1.90571086 0.94443841
1.91200033 0.94235246
1.91828981 0.94022924
1.92457928 0.93806883
1.93086876 0.93587131
1.93715823 0.93363676
1.94344771 0.93136529
1.94973718 0.92905697
1.95602666 0.92671191
1.96231613 0.92433018
1.96860561 0.92191189
1.97489508 0.91945713
1.98118456 0.91696600
1.98747403 0.91443860
1.99376351 0.91187502
2.00005298 0.90927538
2.00634246 0.90663976
2.01263193 0.90396828
2.01892141 0.90126105
2.02521088 0.89851816
2.03150035 0.89573972
2.03778983 0.89292586
2.04407930 0.89007667
2.05036878 0.88719227
2.05665825 0.88427278
2.06294773 0.88131831
2.06923720 0.87832898
2.07552668 0.87530490
2.08181615 0.87224620
2.08810563 0.86915299
2.09439510 0.86602540
2.10068458 0.86286356
2.10697405 0.85966758
2.11326353 0.85643760
2.11955300 0.85317373
2.12584248 0.84987612
2.13213195 0.84654489
2.13842143 0.84318017
2.14471090 0.83978210
2.15100038 0.83635081
2.15728985 0.83288643
2.16357932 0.82938911
2.16986880 0.82585898
2.17615827 0.82229618
2.18244775 0.81870085
2.18873722 0.81507314
2.19502670 0.81141319
2.20131617 0.80772113
2.20760565 0.80399713
2.21389512 0.80024132
2.22018460 0.79645386
2.22647407 0.79263489
2.23276355 0.78878457
2.23905302 0.78490304
2.24534250 0.78099047
2.25163197 0.77704700
2.25792145 0.77307279
2.26421092 0.76906801
2.27050040 0.76503280
2.27678987 0.76096733
2.28307935 0.75687175
2.28936882 0.75274624
2.29565830 0.74859095
2.30194777 0.74440605
2.30823724 0.74019170
2.31452672 0.73594807
2.32081619 0.73167533
2.32710567 0.72737364
2.33339514 0.72304318
2.33968462 0.71868412
2.34597409 0.71429664
2.35226357 0.70988089
2.35855304 0.70543707
2.36484252 0.70096534
2.37113199 0.69646588
2.37742147 0.69193887
2.38371094 0.68738449
2.39000042 0.68280292
2.39628989 0.67819434
2.40257937 0.67355893
2.40886884 0.66889687
2.41515832 0.66420836
2.42144779 0.65949357
2.42773727 0.65475270
2.43402674 0.64998592
2.44031622 0.64519344
2.44660569 0.64037543
2.45289516 0.63553209
2.45918464 0.63066361
2.46547411 0.62577018
2.47176359 0.62085199
2.47805306 0.61590925
2.48434254 0.61094215
2.49063201 0.60595088
2.49692149 0.60093563
2.50321096 0.59589662
2.50950044 0.59083404
2.51578991 0.58574808
2.52207939 0.58063895
2.52836886 0.57550685
2.53465834 0.57035199
2.54094781 0.56517457
2.54723729 0.55997479
2.55352676 0.55475285
2.55981624 0.54950898
2.56610571 0.54424336
2.57239519 0.53895622
2.57868466 0.53364776
2.58497414 0.52831819
2.59126361 0.52296772
2.59755308 0.51759656
2.60384256 0.51220493
2.61013203 0.50679303
2.61642151 0.50136109
2.62271098 0.49590932
2.62900046 0.49043793
2.63528993 0.48494714
2.64157941 0.47943716
2.64786888 0.47390822
2.65415836 0.46836054
2.66044783 0.46279432
2.66673731 0.45720980
2.67302678 0.45160720
2.67931626 0.44598673
2.68560573 0.44034861
2.69189521 0.43469308
2.69818468 0.42902035
2.70447416 0.42333066
2.71076363 0.41762421
2.71705311 0.41190125
2.72334258 0.40616199
2.72963206 0.40040667
2.73592153 0.39463550
2.74221100 0.38884873
2.74850048 0.38304657
2.75478995 0.37722926
2.76107943 0.37139703
2.76736890 0.36555011
2.77365838 0.35968873
2.77994785 0.35381312
2.78623733 0.34792351
2.79252680 0.34202014
2.79881628 0.33610324
2.80510575 0.33017305
2.81139523 0.32422980
2.81768470 0.31827371
2.82397418 0.31230504
2.83026365 0.30632402
2.83655313 0.30033088
2.84284260 0.29432586
2.84913208 0.28830919
2.85542155 0.28228112
2.86171103 0.27624188
2.86800050 0.27019172
2.87428998 0.26413087
2.88057945 0.25805957
2.88686892 0.25197806
2.89315840 0.24588659
2.89944787 0.23978538
2.90573735 0.23367470
2.91202682 0.22755476
2.91831630 0.22142583
2.92460577 0.21528814
2.93089525 0.20914193
2.93718472 0.20298745
2.94347420 0.19682494
2.94976367 0.19065465
2.95605315 0.18447681
2.96234262 0.17829167
2.96863210 0.17209948
2.97492157 0.16590049
2.98121105 0.15969493
2.98750052 0.15348305
2.99379000 0.14726510
3.00007947 0.14104133
3.00636895 0.13481198
3.01265842 0.12857730
3.01894790 0.12233752
3.02523737 0.11609291
3.03152684 0.10984371
3.03781632 0.10359016
3.04410579 0.09733252
3.05039527 0.09107102
3.05668474 0.08480592
3.06297422 0.07853747
3.06926369 0.07226591
3.07555317 0.06599149
3.08184264 0.05971446
3.08813212 0.05343507
3.09442159 0.04715357
3.10071107 0.04087020
3.10700054 0.03458521
3.11329002 0.02829886
3.11957949 0.02201138
3.12586897 0.01572304
3.13215844 0.00943407
3.13844792 0.00314473
3.14473739 -0.00314473
3.15102687 -0.00943407
3.15731634 -0.01572304
3.16360582 -0.02201138
3.16989529 -0.02829886
3.17618476 -0.03458521
3.18247424 -0.04087020
3.18876371 -0.04715357
3.19505319 -0.05343507
3.20134266 -0.05971446
3.20763214 -0.06599149
3.21392161 -0.07226591
3.22021109 -0.07853747
3.22650056 -0.08480592
3.23279004 -0.09107102
3.23907951 -0.09733252
3.24536899 -0.10359016
3.25165846 -0.10984371
3.25794794 -0.11609291
3.26423741 -0.12233752
3.27052689 -0.12857730
3.27681636 -0.13481198
3.28310584 -0.14104133
3.28939531 -0.14726510
3.29568479 -0.15348305
3.30197426 -0.15969493
3.30826374 -0.16590049
3.31455321 -0.17209948
3.32084268 -0.17829167
3.32713216 -0.18447681
3.33342163 -0.19065465
3.33971111 -0.19682494
3.34600058 -0.20298745
3.35229006 -0.20914193
3.35857953 -0.21528814
3.36486901 -0.22142583
3.37115848 -0.22755476
3.37744796 -0.23367470
3.38373743 -0.23978538
3.39002691 -0.24588659
3.39631638 -0.25197806
3.40260586 -0.25805957
3.40889533 -0.26413087
3.41518481 -0.27019172
3.42147428 -0.27624188
3.42776376 -0.28228112
3.43405323 -0.28830919
3.44034271 -0.29432586
3.44663218 -0.30033088
3.45292166 -0.30632402
3.45921113 -0.31230504
3.46550060 -0.31827371
3.47179008 -0.32422980
3.47807955 -0.33017305
3.48436903 -0.33610324
3.49065850 -0.34202014
3.49694798 -0.34792351
3.50323745 -0.35381312
3.50952693 -0.35968873
3.51581640 -0.36555011
3.52210588 -0.37139703
3.52839535 -0.37722926
3.53468483 -0.38304657
3.54097430 -0.38884873
3.54726378 -0.39463550
3.55355325 -0.40040667
3.55984273 -0.40616199
3.56613220 -0.41190125
3.57242168 -0.41762421
3.57871115 -0.42333066
3.58500063 -0.42902035
3.59129010 -0.43469308
3.59757958 -0.44034861
3.60386905 -0.44598673
3.61015852 -0.45160720
3.61644800 -0.45720980
3.62273747 -0.46279432
3.62902695 -0.46836054
3.63531642 -0.47390822
3.64160590 -0.47943716
3.64789537 -0.48494714
3.65418485 -0.49043793
3.66047432 -0.49590932
3.66676380 -0.50136109
3.67305327 -0.50679303
3.67934275 -0.51220493
3.68563222 -0.51759656
3.69192170 -0.52296772
3.69821117 -0.52831819
3.70450065 -0.53364776
3.71079012 -0.53895622
3.71707960 -0.54424336
3.72336907 -0.54950898
3.72965855 -0.55475285
3.73594802 -0.55997479
3.74223750 -0.56517457
3.74852697 -0.57035199
3.75481644 -0.57550685
3.76110592 -0.58063895
3.76739539 -0.58574808
3.77368487 -0.59083404
3.77997434 -0.59589662
3.78626382 -0.60093563
3.79255329 -0.60595088
3.79884277 -0.61094215
3.80513224 -0.61590925
3.81142172 -0.62085199
3.81771119 -0.62577018
3.82400067 -0.63066361
3.83029014 -0.63553209
3.83657962 -0.64037543
3.84286909 -0.64519344
3.84915857 -0.64998592
3.85544804 -0.65475270
3.86173752 -0.65949357
3.86802699 -0.66420836
3.87431647 -0.66889687
3.88060594 -0.67355893
3.88689542 -0.67819434
3.89318489 -0.68280292
3.89947436 -0.68738449
3.90576384 -0.69193887
3.91205331 -0.69646588
3.91834279 -0.70096534
3.92463226 -0.70543707
3.93092174 -0.70988089
3.93721121 -0.71429664
3.94350069 -0.71868412
3.94979016 -0.72304318
3.95607964 -0.72737364
3.96236911 -0.73167533
3.96865859 -0.73594807
3.97494806 -0.74019170
3.98123754 -0.74440605
3.98752701 -0.74859095
3.99381649 -0.75274624
4.00010596 -0.75687175
4.00639544 -0.76096733
4.01268491 -0.76503280
4.01897439 -0.76906801
4.02526386 -0.77307279
4.03155334 -0.77704700
4.03784281 -0.78099047
4.04413228 -0.78490304
4.05042176 -0.78878457
4.05671123 -0.79263489
4.06300071 -0.79645386
4.06929018 -0.80024132
4.07557966 -0.80399713
4.08186913 -0.80772113
4.08815861 -0.81141319
4.09444808 -0.81507314
4.10073756 -0.81870085
4.10702703 -0.82229618
4.11331651 -0.82585898
4.11960598 -0.82938911
4.12589546 -0.83288643
4.13218493 -0.83635081
4.13847441 -0.83978210
4.14476388 -0.84318017
4.15105336 -0.84654489
4.15734283 -0.84987612
4.16363231 -0.85317373
4.16992178 -0.85643760
4.17621126 -0.85966758
4.18250073 -0.86286356
4.18879020 -0.86602540
4.19507968 -0.86915299
4.20136915 -0.87224620
4.20765863 -0.87530490
4.21394810 -0.87832898
4.22023758 -0.88131831
4.22652705 -0.88427278
4.23281653 -0.88719227
4.23910600 -0.89007667
4.24539548 -0.89292586
4.25168495 -0.89573972
4.25797443 -0.89851816
4.26426390 -0.90126105
4.27055338 -0.90396828
4.27684285 -0.90663976
4.28313233 -0.90927538
4.28942180 -0.91187502
4.29571128 -0.91443860
4.30200075 -0.91696600
4.30829023 -0.91945713
4.31457970 -0.92191189
4.32086918 -0.92433018
4.32715865 -0.92671191
4.33344812 -0.92905697
4.33973760 -0.93136529
4.34602707 -0.93363676
4.35231655 -0.93587131
4.35860602 -0.93806883
4.36489550 -0.94022924
4.37118497 -0.94235246
4.37747445 -0.94443841
4.38376392 -0.94648699
4.39005340 -0.94849813
4.39634287 -0.95047176
4.40263235 -0.95240778
4.40892182 -0.95430613
4.41521130 -0.95616673
4.42150077 -0.95798951
4.42779025 -0.95977439
4.43407972 -0.96152131
4.44036920 -0.96323019
4.44665867 -0.96490097
4.45294815 -0.96653358
4.45923762 -0.96812795
4.46552710 -0.96968403
4.47181657 -0.97120175
4.47810604 -0.97268105
4.48439552 -0.97412188
4.49068499 -0.97552417
4.49697447 -0.97688788
4.50326394 -0.97821294
4.50955342 -0.97949930
4.51584289 -0.98074692
4.52213237 -0.98195574
4.52842184 -0.98312572
4.53471132 -0.98425681
4.54100079 -0.98534896
4.54729027 -0.98640214
4.55357974 -0.98741629
4.55986922 -0.98839139
4.56615869 -0.98932739
4.57244817 -0.99022425
4.57873764 -0.99108195
4.58502712 -0.99190044
4.59131659 -0.99267969
4.59760607 -0.99341967
4.60389554 -0.99412036
4.61018502 -0.99478172
4.61647449 -0.99540373
4.62276396 -0.99598637
4.62905344 -0.99652960
4.63534291 -0.99703342
4.64163239 -0.99749780
4.64792186 -0.99792272
4.65421134 -0.99830816
4.66050081 -0.99865411
4.66679029 -0.99896056
4.67307976 -0.99922749
4.67936924 -0.99945490
4.68565871 -0.99964277
4.69194819 -0.99979109
4.69823766 -0.99989987
4.70452714 -0.99996910
4.71081661 -0.99999876
4.71710609 -0.99998887
4.72339556 -0.99993943
4.72968504 -0.99985043
4.73597451 -0.99972187
4.74226399 -0.99955378
4.74855346 -0.99934614
4.75484294 -0.99909897
4.76113241 -0.99881227
4.76742188 -0.99848607
4.77371136 -0.99812037
4.78000083 -0.99771519
4.78629031 -0.99727054
4.79257978 -0.99678644
4.79886926 -0.99626291
4.80515873 -0.99569997
4.81144821 -0.99509765
4.81773768 -0.99445596
4.82402716 -0.99377493
4.83031663 -0.99305459
4.83660611 -0.99229497
4.84289558 -0.99149609
4.84918506 -0.99065800
4.85547453 -0.98978072
4.86176401 -0.98886428
4.86805348 -0.98790873
4.87434296 -0.98691410
4.88063243 -0.98588042
4.88692191 -0.98480775
4.89321138 -0.98369613
4.89950086 -0.98254559
4.90579033 -0.98135618
4.91207980 -0.98012795
4.91836928 -0.97886096
4.92465875 -0.97755524
4.93094823 -0.97621085
4.93723770 -0.97482785
4.94352718 -0.97340628
4.94981665 -0.97194621
4.95610613 -0.97044769
4.96239560 -0.96891078
4.96868508 -0.96733555
4.97497455 -0.96572205
4.98126403 -0.96407035
4.98755350 -0.96238051
4.99384298 -0.96065260
5.00013245 -0.95888669
5.00642193 -0.95708286
5.01271140 -0.95524116
5.01900088 -0.95336167
5.02529035 -0.95144447
5.03157983 -0.94948964
5.03786930 -0.94749725
5.04415878 -0.94546737
5.05044825 -0.94340010
5.05673772 -0.94129551
5.06302720 -0.93915368
5.06931667 -0.93697470
5.07560615 -0.93475866
5.08189562 -0.93250564
5.08818510 -0.93021573
5.09447457 -0.92788903
5.10076405 -0.92552562
5.10705352 -0.92312560
5.11334300 -0.92068906
5.11963247 -0.91821611
5.12592195 -0.91570683
5.13221142 -0.91316133
5.13850090 -0.91057970
5.14479037 -0.90796206
5.15107985 -0.90530850
5.15736932 -0.90261913
5.16365880 -0.89989405
5.16994827 -0.89713338
5.17623775 -0.89433721
5.18252722 -0.89150567
5.18881670 -0.88863887
5.19510617 -0.88573691
5.20139564 -0.88279991
5.20768512 -0.87982800
5.21397459 -0.87682128
5.22026407 -0.87377987
5.22655354 -0.87070390
5.23284302 -0.86759349
5.23913249 -0.86444876
5.24542197 -0.86126983
5.25171144 -0.85805683
5.25800092 -0.85480989
5.26429039 -0.85152914
5.27057987 -0.84821470
5.27686934 -0.84486671
5.28315882 -0.84148530
5.28944829 -0.83807060
5.29573777 -0.83462275
5.30202724 -0.83114188
5.30831672 -0.82762814
5.31460619 -0.82408166
5.32089567 -0.82050258
5.32718514 -0.81689104
5.33347462 -0.81324719
5.33976409 -0.80957116
5.34605356 -0.80586312
5.35234304 -0.80212319
5.35863251 -0.79835154
5.36492199 -0.79454830
5.37121146 -0.79071364
5.37750094 -0.78684770
5.38379041 -0.78295063
5.39007989 -0.77902259
5.39636936 -0.77506373
5.40265884 -0.77107421
5.40894831 -0.76705419
5.41523779 -0.76300383
5.42152726 -0.75892329
5.42781674 -0.75481273
5.43410621 -0.75067231
5.44039569 -0.74650219
5.44668516 -0.74230254
5.45297464 -0.73807353
5.45926411 -0.73381533
5.46555359 -0.72952809
5.47184306 -0.72521200
5.47813254 -0.72086722
5.48442201 -0.71649392
5.49071148 -0.71209229
5.49700096 -0.70766248
5.50329043 -0.70320468
5.50957991 -0.69871906
5.51586938 -0.69420581
5.52215886 -0.68966509
5.52844833 -0.68509709
5.53473781 -0.68050199
5.54102728 -0.67587997
5.54731676 -0.67123122
5.55360623 -0.66655591
5.55989571 -0.66185424
5.56618518 -0.65712639
5.57247466 -0.65237254
5.57876413 -0.64759288
5.58505361 -0.64278761
5.59134308 -0.63795691
5.59763256 -0.63310098
5.60392203 -0.62822000
5.61021151 -0.62331417
5.61650098 -0.61838368
5.62279046 -0.61342873
5.62907993 -0.60844952
5.63536940 -0.60344624
5.64165888 -0.59841909
5.64794835 -0.59336826
5.65423783 -0.58829397
5.66052730 -0.58319640
5.66681678 -0.57807576
5.67310625 -0.57293225
5.67939573 -0.56776609
5.68568520 -0.56257746
5.69197468 -0.55736658
5.69826415 -0.55213365
5.70455363 -0.54687888
5.71084310 -0.54160247
5.71713258 -0.53630464
5.72342205 -0.53098560
5.72971153 -0.52564555
5.73600100 -0.52028471
5.74229048 -0.51490329
5.74857995 -0.50950150
5.75486943 -0.50407956
5.76115890 -0.49863767
5.76744838 -0.49317606
5.77373785 -0.48769494
5.78002732 -0.48219453
5.78631680 -0.47667505
5.79260627 -0.47113671
5.79889575 -0.46557973
5.80518522 -0.46000434
5.81147470 -0.45441075
5.81776417 -0.44879918
5.82405365 -0.44316986
5.83034312 -0.43752301
5.83663260 -0.43185885
5.84292207 -0.42617761
5.84921155 -0.42047951
5.85550102 -0.41476478
5.86179050 -0.40903364
5.86807997 -0.40328632
5.87436945 -0.39752305
5.88065892 -0.39174405
5.88694840 -0.38594956
5.89323787 -0.38013980
5.89952735 -0.37431500
5.90581682 -0.36847539
5.91210630 -0.36262121
5.91839577 -0.35675269
5.92468524 -0.35087005
5.93097472 -0.34497353
5.93726419 -0.33906337
5.94355367 -0.33313979
5.94984314 -0.32720304
5.95613262 -0.32125334
5.96242209 -0.31529094
5.96871157 -0.30931606
5.97500104 -0.30332895
5.98129052 -0.29732984
5.98757999 -0.29131896
5.99386947 -0.28529657
6.00015894 -0.27926288
6.00644842 -0.27321815
6.01273789 -0.26716262
6.01902737 -0.26109651
6.02531684 -0.25502008
6.03160632 -0.24893355
6.03789579 -0.24283719
6.04418527 -0.23673121
6.05047474 -0.23061587
6.05676422 -0.22449141
6.06305369 -0.21835807
6.06934316 -0.21221609
6.07563264 -0.20606571
6.08192211 -0.19990719
6.08821159 -0.19374075
6.09450106 -0.18756665
6.10079054 -0.18138514
6.10708001 -0.17519644
6.11336949 -0.16900082
6.11965896 -0.16279851
6.12594844 -0.15658976
6.13223791 -0.15037482
6.13852739 -0.14415393
6.14481686 -0.13792734
6.15110634 -0.13169529
6.15739581 -0.12545803
6.16368529 -0.11921581
6.16997476 -0.11296887
6.17626424 -0.10671747
6.18255371 -0.10046184
6.18884319 -0.09420224
6.19513266 -0.08793891
6.20142214 -0.08167210
6.20771161 -0.07540206
6.21400108 -0.06912904
6.22029056 -0.06285329
6.22658003 -0.05657505
6.23286951 -0.05029457
6.23915898 -0.04401210
6.24544846 -0.03772789
6.25173793 -0.03144219
6.25802741 -0.02515525
6.26431688 -0.01886730
6.27060636 -0.01257862
6.27689583 -0.00628943
6.28318531 -0.00000000
