# Длина волны, мкм   Коэффициент отражения
4.363586413586415524e-01 1.031522275193161198e+00
4.384821061291650501e-01 1.034028294862248565e+00
4.417638244108833545e-01 1.036578434595932796e+00
4.474907445495682756e-01 1.038413829283151735e+00
4.546976552858906784e-01 1.036962279157923161e+00
4.582110242698479441e-01 1.038352061192716391e+00
4.660871481459718524e-01 1.040443352254595721e+00
4.641567256273140263e-01 1.038537365464022200e+00
4.711834635952284467e-01 1.042280511744398508e+00
4.765886466474702488e-01 1.044133554457456148e+00
4.790209790209791763e-01 1.045764232044946951e+00
4.853270259152613342e-01 1.047184898124957630e+00
4.943356643356644486e-01 1.048543796114533189e+00
5.006417112299466066e-01 1.050350512759764321e+00
5.033443027560675631e-01 1.051971925133689867e+00
5.068576717400248288e-01 1.053658194002572213e+00
5.170503026385381284e-01 1.054844141338929120e+00
5.270884997355587132e-01 1.056617767935712715e+00
5.330728095433978631e-01 1.058766415081567658e+00
5.387482517482518052e-01 1.060699756312191155e+00
5.411805841217607327e-01 1.062487942530291773e+00
5.438831756478816892e-01 1.064202007039869891e+00
5.470361990950227682e-01 1.066055049752927530e+00
5.492883587001234913e-01 1.068494889325120045e+00
5.452344714109421675e-01 1.060773878020713434e+00
5.522612093788565879e-01 1.070743247816963395e+00
5.546935417523654044e-01 1.072679677452108571e+00
5.571258741258742209e-01 1.074560515805861982e+00
5.628013163307282740e-01 1.076061480403438519e+00
5.684767585355822161e-01 1.077599505855276529e+00
5.709090909090910326e-01 1.079489609422595198e+00
5.736116824352119892e-01 1.081203673932173537e+00
5.771250514191692549e-01 1.082862147160360111e+00
5.798276429452902114e-01 1.084566946456372971e+00
5.822985837691722066e-01 1.087325332894953034e+00
5.776655697243934240e-01 1.085789954646991129e+00
5.844220485396957043e-01 1.089588692208759202e+00
5.871246400658166609e-01 1.091163778514858018e+00
5.906380090497739266e-01 1.092794456102348821e+00
5.922595639654464339e-01 1.094647498815406461e+00
5.985141329258978349e-01 1.096669962576515056e+00
6.036104483751543182e-01 1.098575949367088578e+00
6.087453722747842022e-01 1.100645180396669476e+00
6.141505553270260043e-01 1.103054135923644319e+00
6.195557383792679174e-01 1.105216019088878232e+00
6.252311805841219705e-01 1.106951702430108764e+00
7.149572192513370394e-01 1.136229777296418941e+00
7.258576717400248013e-01 1.138972280511744151e+00
7.230649938296999091e-01 1.136822750964597395e+00
7.276593994241054020e-01 1.140825323224801791e+00
7.357671740024682716e-01 1.141968032897854091e+00
7.436046894282188902e-01 1.143382522168821414e+00
7.551357466063349788e-01 1.144006379882217317e+00
7.603607568901687985e-01 1.145902660258579564e+00
7.687773990715168759e-01 1.147178612526713604e+00
7.799095022624434881e-01 1.148175725986597007e+00
7.876955397543634607e-01 1.149719928247478373e+00
7.857651172357056346e-01 1.148237494077032350e+00
7.988276429452900729e-01 1.149194899478778620e+00
8.096380090497737880e-01 1.148916943071820018e+00
8.060345536816125867e-01 1.147866885534420733e+00
8.195475113122173694e-01 1.149627276111825358e+00
8.297787506611037367e-01 1.150540561448975208e+00
8.411682435211847997e-01 1.151480318824882998e+00
8.519786096256686259e-01 1.151295014553577190e+00
8.635997531879886502e-01 1.150979997292357560e+00
8.727885643767997470e-01 1.151647092669058292e+00
8.846799670917320224e-01 1.151535910106274763e+00
8.922472233648705009e-01 1.150794693021051751e+00
8.981929247223366941e-01 1.152314188045759025e+00
9.087330316742082692e-01 1.153333361537940638e+00
9.195433977786919844e-01 1.153657644012725747e+00
9.297746371275783517e-01 1.154749615611491809e+00
9.381912793089264291e-01 1.156390882014485699e+00
9.492719045660222843e-01 1.156946794828402902e+00
9.571094199917729028e-01 1.158577472415893705e+00
9.679970029970030865e-01 1.159964607246811052e+00
9.738654874537229222e-01 1.161838827590875090e+00
9.790004113533525842e-01 1.163833936911933709e+00
9.846758535582067484e-01 1.165248426182901031e+00
9.925133689839573670e-01 1.164451617816286255e+00
1.000621143562320237e+00 1.164914878494550665e+00
1.002873303167420849e+00 1.163988357138021845e+00
1.010080213903743473e+00 1.164173661409327654e+00
1.052549509314215426e+00 1.163511860440378465e+00
1.057375565610859880e+00 1.166706153117172962e+00
1.056024269847799291e+00 1.165007530630203458e+00
1.060348416289592866e+00 1.169028633317538590e+00
1.062780748663101793e+00 1.170566658769376378e+00
1.068185931715343706e+00 1.171678484397211006e+00
1.074491978609625642e+00 1.170504890678941035e+00
1.083590703414232914e+00 1.170770493467812701e+00
1.087914849856026489e+00 1.169695728694239323e+00
1.098364870423694128e+00 1.170597542814594050e+00
1.093860551213492460e+00 1.168991572463277340e+00
1.103589880707527948e+00 1.172549414472348062e+00
1.111157136980666538e+00 1.173809483517227248e+00
1.121336898395722148e+00 1.174303628240709108e+00
1.127192513368983962e+00 1.172697657889392620e+00
1.130345536816125263e+00 1.171122571583293581e+00
1.129534759358288953e+00 1.169510424422933514e+00
1.133048128342246219e+00 1.168667289988492231e+00
1.141155902920608867e+00 1.171956440804169608e+00
1.137102015631427543e+00 1.170288702362417776e+00
1.148993418346359485e+00 1.174217152914099893e+00
1.147912381735911369e+00 1.172697657889392620e+00
1.155569724393253894e+00 1.175291917687673271e+00
1.162326203208556175e+00 1.174118323969403521e+00
1.165479226655697476e+00 1.176867003993772309e+00
1.165479226655697476e+00 1.175384569823326064e+00
1.173857260386672374e+00 1.174217152914099893e+00
1.176289592760181080e+00 1.174921309145061654e+00
1.184397367338543949e+00 1.173500643065050975e+00
1.193084268672504056e+00 1.175000725261335699e+00
1.198180584121760761e+00 1.176514925878291207e+00
1.205747840394899351e+00 1.174958369999322905e+00
1.216017688194158897e+00 1.174328335476883201e+00
1.220341834635952472e+00 1.173624179245921439e+00
1.230148381030734095e+00 1.174074203904806879e+00
1.236647470176881924e+00 1.175662526230284666e+00
1.236197038255862024e+00 1.173500643065050975e+00
1.242503085150144182e+00 1.175847830501590474e+00
1.245977845683728047e+00 1.173915371672259012e+00
1.257367338543809332e+00 1.173624179245921439e+00
1.268177704648292936e+00 1.173037382386786565e+00
1.270429864253393770e+00 1.172327049346781003e+00
1.279567197508374221e+00 1.174550700602450259e+00
1.289798436857260588e+00 1.174674236783320724e+00
1.292501028383381545e+00 1.174272744195491658e+00
1.300608802961744193e+00 1.176403743315507899e+00
1.299257507198683825e+00 1.174550700602450259e+00
1.309295704295704521e+00 1.177568513020858187e+00
1.319526943644590888e+00 1.178411206254653454e+00
1.316824352118469932e+00 1.177052308265077896e+00
1.324932126696832801e+00 1.179553915927705754e+00
1.330337309749074493e+00 1.177932503553780430e+00
1.336643356643356872e+00 1.176805235903336966e+00
1.342048539695598786e+00 1.178843582887700414e+00
1.351958041958042145e+00 1.179785546266837848e+00
1.362768408062525749e+00 1.180851045826845969e+00
1.368443850267379913e+00 1.182963514519731696e+00
1.379563083974848725e+00 1.183683553973948310e+00
1.387091731797614358e+00 1.183630609896432428e+00
1.389794323323735314e+00 1.182379806065118499e+00
1.401183816183816155e+00 1.182359952036050155e+00
1.412225832990538832e+00 1.183222940499559783e+00
1.421324557795146104e+00 1.183568841805997307e+00
1.426819827231592175e+00 1.181999932308941847e+00
1.430333196215549219e+00 1.181175328301631078e+00
1.439341834635952555e+00 1.182302595952074542e+00
1.446548745372274958e+00 1.180449553239016902e+00
1.445197449609214368e+00 1.182518784268597800e+00
1.452854792266557116e+00 1.179059771204223672e+00
1.461863430686960230e+00 1.179492147837270410e+00
1.467358700123406301e+00 1.177812055777431643e+00
1.473844919786096552e+00 1.176589047586813486e+00
1.481682435211847171e+00 1.175199265552020478e+00
1.489790209790209818e+00 1.173500643065050975e+00
1.492492801316330775e+00 1.171632158329384499e+00
1.498168243521184939e+00 1.170251641508156526e+00
1.505735499794323307e+00 1.168843329046232782e+00
1.509383998354586698e+00 1.167138529750219700e+00
1.514383792677910456e+00 1.165656095579773677e+00
1.521951048951049046e+00 1.164025417992283096e+00
1.526815713698066901e+00 1.162246496987747735e+00
1.533031674208144901e+00 1.160652880254518182e+00
1.535464006581653607e+00 1.158725715832938263e+00
1.538166598107774563e+00 1.156687368848574815e+00
1.543031262854792418e+00 1.154834326135517397e+00
1.549247223364870640e+00 1.153750296148378540e+00
1.557354997943233288e+00 1.152592144452717626e+00
1.566363636363636624e+00 1.151758275231841600e+00
1.568976141505553201e+00 1.153685439653421518e+00
1.571678733031674158e+00 1.155316117240912321e+00
1.579876593994241185e+00 1.153518665809246446e+00
1.577624434389140351e+00 1.155464360657956879e+00
1.588434800493624177e+00 1.152746564678805763e+00
1.589786096256684544e+00 1.151295014553577190e+00
1.592488687782805501e+00 1.150553797468354178e+00
1.602488276429453240e+00 1.150016415081567489e+00
1.606001645413410284e+00 1.148886059026602346e+00
1.613839160839160902e+00 1.147978068097204263e+00
1.624109008638420670e+00 1.147125668449197722e+00
1.628433155080213801e+00 1.146273268801191181e+00
1.635730152200740584e+00 1.154723143572733868e+00
1.635730152200740584e+00 1.152777448724023435e+00
1.635730152200740584e+00 1.149534623976172565e+00
1.638432743726861540e+00 1.147959537670073527e+00
1.638432743726861540e+00 1.146523429567454011e+00
1.635730152200740584e+00 1.144902017193528465e+00
1.635279720279720461e+00 1.143110742570906169e+00
1.635730152200740584e+00 1.140454714682190396e+00
1.637081447963800951e+00 1.142307757395248036e+00
1.646540518305224410e+00 1.146291799228321695e+00
1.676269025092554710e+00 1.151341340621403697e+00
1.682575071986836868e+00 1.149936116564001631e+00
1.691905447493682990e+00 1.150672921642765134e+00
1.700592348827643097e+00 1.151758275231841600e+00
1.703294940353764053e+00 1.150553797468354178e+00
1.709279250161603203e+00 1.148952239123497421e+00
1.715006170300288124e+00 1.151017058146618588e+00
1.715456602221308247e+00 1.148978711162255362e+00
1.725726450020567571e+00 1.152240066337236746e+00
1.735146911911618073e+00 1.153346597557319608e+00
1.739239407651172353e+00 1.155279056386651071e+00
1.740860962566844972e+00 1.157206220808230990e+00
1.746266145619086885e+00 1.159207506938333188e+00
1.752752365281777136e+00 1.160986427942868549e+00
1.757617030028794991e+00 1.162505922967575822e+00
1.763331080684021890e+00 1.164411909758149344e+00
1.769058000822707033e+00 1.166366428619779239e+00
1.778967503085150170e+00 1.166489964800649703e+00
1.784642945290004334e+00 1.168583903066404694e+00
1.790678733031674463e+00 1.170412238543288241e+00
1.800588235294117823e+00 1.172790310025045413e+00
1.797885643767996866e+00 1.171029919447640788e+00
1.806263677498971765e+00 1.174810126582278347e+00
1.809506787330316779e+00 1.176663169295335765e+00
1.819236116824352267e+00 1.177552629797603556e+00
1.825722336487042297e+00 1.179072124822310830e+00
1.828424928013163253e+00 1.180665741555540382e+00
1.830316742081448123e+00 1.181221654369457585e+00
1.838154257507198741e+00 1.179961585324578399e+00
1.849234882764294596e+00 1.180418669193799230e+00
1.857342657342657466e+00 1.179739220199011562e+00
1.867342245989304983e+00 1.179665098490489283e+00
1.870044837515425940e+00 1.178034420902998480e+00
1.871531262854792432e+00 1.176403743315507899e+00
1.875810366104484039e+00 1.174581584647667931e+00
1.878963389551624896e+00 1.173021940364177729e+00
1.884098313451254780e+00 1.170881676030596230e+00
1.886800904977375737e+00 1.168732146483449252e+00
1.885719868366927399e+00 1.172512353618086811e+00
1.890584533113944810e+00 1.167101468895958671e+00
1.899232825997531959e+00 1.166706153117172962e+00
1.900584121760592549e+00 1.165563443444120884e+00
1.910043192102015785e+00 1.165100182765856474e+00
1.911394487865076153e+00 1.163664074663236736e+00
1.914907856849033418e+00 1.162728288093142659e+00
1.923556149732620346e+00 1.163370676233669299e+00
1.924907445495680935e+00 1.161811031950179096e+00
1.927610037021801892e+00 1.160374923847559581e+00
1.933015220074043805e+00 1.158305692817978461e+00
1.935717811600164540e+00 1.156344555946659192e+00
1.938420403126285718e+00 1.154954773911865962e+00
1.941122994652406453e+00 1.153564991877072954e+00
1.943555327025915380e+00 1.151906518648886379e+00
1.947879473467708733e+00 1.150522913423136728e+00
1.948419991772933235e+00 1.148830467745210582e+00
1.950582064993829912e+00 1.147434508901373995e+00
1.951122583299053970e+00 1.145791477695796257e+00
1.953284656519950646e+00 1.144346104379611262e+00
1.954635952283011457e+00 1.142863670209165239e+00
1.955987248046071825e+00 1.141381236038719216e+00
1.957338543809132192e+00 1.139806149732620177e+00
1.958689839572192559e+00 1.138292831516956483e+00
1.960041135335252926e+00 1.136748629256075116e+00
1.960041135335252926e+00 1.135312521153455378e+00
1.970851501439736753e+00 1.136007412170852104e+00
1.969500205676676385e+00 1.135019122723887941e+00
1.979538402773697081e+00 1.133863177031456893e+00
1.978959276018099844e+00 1.156946794828402902e+00
1.978959276018099844e+00 1.155001099979692469e+00
1.978959276018099844e+00 1.152128883774453216e+00
1.978959276018099844e+00 1.150183188925742783e+00
1.978959276018099844e+00 1.147310972720503530e+00
1.978959276018099844e+00 1.145365277871792875e+00
1.978959276018099844e+00 1.142122453123942227e+00
1.978959276018099844e+00 1.140176758275231794e+00
1.981211435623200456e+00 1.136933933527380924e+00
1.981211435623200456e+00 1.135451499356934679e+00
1.978959276018099844e+00 1.130818892574290802e+00
1.978959276018099844e+00 1.127298111419481330e+00
1.978959276018099844e+00 1.125352416570770897e+00
1.978959276018099844e+00 1.122480200365531644e+00
1.978959276018099844e+00 1.120534505516820989e+00
1.980310571781160212e+00 1.117199028633317326e+00
1.984364459070341757e+00 1.133042543829959836e+00
1.992472233648704405e+00 1.137335426115209991e+00
1.989769642122583226e+00 1.135544151492587694e+00
1.988418346359522859e+00 1.134524978000406081e+00
2.001159134982664511e+00 1.138469311775342829e+00
2.003282599753188009e+00 1.136239042509984198e+00
2.005985191279308744e+00 1.134524978000406081e+00
2.007877005347594057e+00 1.132671935287348441e+00
2.010579596873714792e+00 1.131041257699857638e+00
2.014092965857671835e+00 1.129382784471671064e+00
2.016795557383792570e+00 1.127900350301225041e+00
2.019498148909913304e+00 1.126464242198605525e+00
2.022470999588646734e+00 1.124407364787111563e+00
2.021750308515014360e+00 1.123036113179448847e+00
2.023552036199094850e+00 1.121368374737697016e+00
2.024903331962155661e+00 1.119793288431597977e+00
2.027876182640889091e+00 1.117847593582887544e+00
2.028957219251337207e+00 1.116056318960265248e+00
2.030308515014397130e+00 1.114743747038516197e+00
2.032560674619498187e+00 1.112628189941108570e+00
2.034362402303578676e+00 1.110991335544574410e+00
2.034362402303578676e+00 1.109508901374128387e+00
2.035713698066639488e+00 1.108165445407161664e+00
2.038416289592760222e+00 1.105864584038448450e+00
2.037064993829699411e+00 1.104413033913219877e+00
2.041118881118880957e+00 1.103023251878426869e+00
2.041118881118880957e+00 1.101818774114939226e+00
2.049226655697244048e+00 1.102282034793203636e+00
2.049902303578774010e+00 1.100614296351451804e+00
2.054052711993889169e+00 1.098628893444604460e+00
2.057334430275607140e+00 1.096676580586204430e+00
2.060037021801727875e+00 1.095240472483584915e+00
2.062739613327848609e+00 1.093619060109659369e+00
2.064541341011929099e+00 1.091688807283557772e+00
2.068144796380090966e+00 1.090422561429635007e+00
2.076252570958453170e+00 1.091349082786163827e+00
2.078955162484574792e+00 1.089866648615717803e+00
2.086792677910325189e+00 1.088310092736749279e+00
2.092738379267791160e+00 1.086642354294997670e+00
2.100575894693541557e+00 1.085172273742638582e+00
2.108683669271904648e+00 1.083689839572192337e+00
2.111386260798025383e+00 1.081852238881743755e+00
2.116212317094670503e+00 1.079833745926448874e+00
2.119494035376388474e+00 1.077868197048669874e+00
2.122196626902509209e+00 1.076432088946050136e+00
2.127601809954751566e+00 1.074640814323427840e+00
2.136288711288711006e+00 1.072977487888135517e+00
2.141114767585356127e+00 1.106544033033236119e+00
2.141114767585356127e+00 1.104598338184525685e+00
2.141114767585356127e+00 1.101355513436674816e+00
2.141114767585356127e+00 1.099409818587964383e+00
2.141114767585356127e+00 1.096537602382725130e+00
2.141114767585356127e+00 1.094591907534014696e+00
2.141114767585356127e+00 1.091349082786163827e+00
2.141114767585356127e+00 1.089403387937453394e+00
2.141114767585356127e+00 1.086531171732214140e+00
2.141114767585356127e+00 1.084585476883503707e+00
2.141114767585356127e+00 1.081713260678264232e+00
2.142466063348416050e+00 1.079786096256684313e+00
2.144718222953517106e+00 1.076401204900832465e+00
2.143817359111476861e+00 1.074625372300819004e+00
2.141114767585356127e+00 1.070039091586001412e+00
2.141114767585356127e+00 1.066888918973803557e+00
2.141114767585356127e+00 1.064943224125093124e+00
2.142466063348416050e+00 1.108952988560211184e+00
2.143817359111476861e+00 1.073189264198199266e+00
2.142466063348416050e+00 1.072077438570364860e+00
2.151925133689839953e+00 1.078285131659107776e+00
2.155206851971557924e+00 1.084572240864124737e+00
2.153276429452899876e+00 1.082701550125228396e+00
2.153276429452899876e+00 1.081219115954782373e+00
2.151925133689839953e+00 1.080045522236512401e+00
2.150573837926779142e+00 1.075783523996479918e+00
2.157909443497678659e+00 1.088913655220431043e+00
2.155979020979021499e+00 1.086778244093955070e+00
2.160933772110243289e+00 1.093696270222703548e+00
2.158681612505142233e+00 1.092090299871386838e+00
2.157330316742081422e+00 1.090978474243552432e+00
2.163314626549921016e+00 1.099555414801133280e+00
2.161384204031262968e+00 1.097649428010559758e+00
2.161384204031262968e+00 1.096166993840113513e+00
2.158681612505142233e+00 1.095425776754890501e+00
2.166248868778280823e+00 1.106025181073580166e+00
2.164086795557383702e+00 1.104690990320178701e+00
2.164086795557383702e+00 1.103208556149732456e+00
2.164086795557383702e+00 1.101726121979286432e+00
2.168410941999177055e+00 1.109064171122994491e+00
2.165438091320444514e+00 1.107655858661070747e+00
2.171422401128283219e+00 1.113479707187823298e+00
2.170843274372685983e+00 1.111593574426318121e+00
2.166789387083504437e+00 1.110620727001963015e+00
2.174446729740847850e+00 1.118279970215934283e+00
2.172194570135746794e+00 1.116673999864617794e+00
2.170843274372685983e+00 1.115438638055912701e+00
2.176827584180525577e+00 1.122691976675595393e+00
2.174897161661867528e+00 1.120750693833344469e+00
2.172194570135746794e+00 1.119885940567250993e+00
2.178951048951049074e+00 1.126927502876869713e+00
2.177599753187988263e+00 1.124827387802071144e+00
2.182554504319210054e+00 1.130695356393420337e+00
2.180302344714109886e+00 1.129027617951668505e+00
2.184935358758887780e+00 1.134922058581775417e+00
2.183004936240230620e+00 1.133104311920395180e+00
2.180302344714109886e+00 1.132116022473431016e+00
2.187058823529412166e+00 1.137582498476950921e+00
2.189761415055532900e+00 1.140084106139578779e+00
2.193043133337250872e+00 1.142651893899101490e+00
2.195617030028794936e+00 1.145241741690922410e+00
2.198319621554915670e+00 1.147558045082244460e+00
2.204175236528177706e+00 1.149534623976172565e+00
2.214084738790621287e+00 1.151356782644012533e+00
2.210030851501439741e+00 1.150090536790089768e+00
2.217598107774578331e+00 1.153426013673593431e+00
2.227597696421225848e+00 1.154290766939687130e+00
2.235705470999588940e+00 1.156298229878832906e+00
2.243813245577952031e+00 1.157873316184931722e+00
2.254623611682434969e+00 1.159193609117985302e+00
2.262731386260798061e+00 1.159541054626683554e+00
2.265433977786918796e+00 1.158058620456237531e+00
2.267866310160427723e+00 1.156390882014485699e+00
2.274442616207322132e+00 1.155093752115345485e+00
2.281649526943644979e+00 1.155093752115345485e+00
2.283000822706704902e+00 1.153611317944899239e+00
2.284352118469765713e+00 1.152175209842279724e+00
2.289757301522007182e+00 1.150399377242266041e+00
2.300567667626491009e+00 1.150275841061395576e+00
2.310477169888934590e+00 1.150584681513571850e+00
2.322999177293294970e+00 1.150535267041223664e+00
2.330971822295351714e+00 1.149766254315304881e+00
2.335701357466063222e+00 1.148376472280511651e+00
2.338133689839572149e+00 1.146866242469369634e+00
2.344079391197038120e+00 1.145494990861706919e+00
2.345700946112710739e+00 1.143567826440127000e+00
2.348635188341070545e+00 1.141354763999961053e+00
2.351106129164953096e+00 1.138972280511744151e+00
2.353808720691073830e+00 1.137119237798686733e+00
2.357322089675030874e+00 1.135544151492587694e+00
2.357322089675030874e+00 1.134247021593447258e+00
2.366781160016453889e+00 1.135080890814323284e+00
2.366781160016453889e+00 1.133598456643877261e+00
2.367682023858495022e+00 1.132424862925607290e+00
2.370564788153023628e+00 1.130633588302984993e+00
2.373267379679144362e+00 1.128521119610099266e+00
2.376240230357877792e+00 1.126309821972517389e+00
2.378267174002468565e+00 1.124055286671630460e+00
2.378492389962978848e+00 1.122789040817707917e+00
2.380294117647059338e+00 1.120688925742909126e+00
2.383672357054710034e+00 1.118496158532457763e+00
2.383537227478404574e+00 1.116624585392269609e+00
2.385699300699300807e+00 1.115068029513301084e+00
2.387050596462361618e+00 1.113492943207202268e+00
2.387050596462361618e+00 1.112056835104582531e+00
2.388852324146442108e+00 1.109817741826304660e+00
2.391104483751542276e+00 1.107470554389764938e+00
2.394482723159193860e+00 1.105432207405401712e+00
2.395158371040723821e+00 1.103764468963649881e+00
2.394707939119704143e+00 1.102529107154944787e+00
2.397860962566845444e+00 1.100521644215799011e+00
2.406547863900804884e+00 1.102467339064509444e+00
2.409121760592348949e+00 1.105030714817572424e+00
2.410022624434389193e+00 1.100706948487104819e+00
2.411824352118469683e+00 1.107285250118459352e+00
2.411373920197450005e+00 1.137119237798686733e+00
2.410923488276429438e+00 1.135389731266499558e+00
2.411373920197450005e+00 1.132486631016042633e+00
2.411373920197450005e+00 1.130540936167332200e+00
2.411373920197450005e+00 1.127298111419481330e+00
2.411373920197450005e+00 1.125352416570770897e+00
2.411373920197450005e+00 1.122480200365531644e+00
2.411373920197450005e+00 1.120534505516820989e+00
2.414887289181407048e+00 1.117514045894537178e+00
2.413175647881530494e+00 1.115623942327218510e+00
2.413806252570958932e+00 1.112473769715020433e+00
2.414887289181407048e+00 1.110620727001963015e+00
2.412725215960509928e+00 1.109261829012387457e+00
2.411373920197450005e+00 1.097649428010559758e+00
2.411373920197450005e+00 1.095703733161849325e+00
2.412725215960509928e+00 1.102837947607121061e+00
2.418806046894282247e+00 1.114141508156772264e+00
2.425787741670094810e+00 1.121213954511608879e+00
2.423535582064993754e+00 1.119391795843768911e+00
2.422184286301933831e+00 1.118032897854193353e+00
2.422184286301933831e+00 1.116550463683747330e+00
2.420832990538873020e+00 1.112659073986326241e+00
2.428168596109772537e+00 1.124042050652251490e+00
2.423535582064993754e+00 1.122480200365531644e+00
2.430871187635893271e+00 1.126848086760595891e+00
2.436598107774578637e+00 1.128687893454274560e+00
2.444480666392431445e+00 1.128131980640357357e+00
2.449210201563142952e+00 1.127020155012522729e+00
2.454615384615384421e+00 1.125537720842076705e+00
2.457047716988893349e+00 1.123925573681716417e+00
2.464614973262031938e+00 1.122331956948487086e+00
2.464614973262031938e+00 1.120441853381168196e+00
2.467452694364459020e+00 1.118681462803763571e+00
2.468128342245989870e+00 1.116921072226358724e+00
2.468128342245989870e+00 1.115438638055912701e+00
2.471641711229946914e+00 1.114141508156772264e+00
2.478938708350472808e+00 1.116365159412441521e+00
2.480830522418758122e+00 1.114549177553645132e+00
2.484343891402715165e+00 1.113168660732417159e+00
2.487046482928835900e+00 1.111778878697623929e+00
2.491100370218017446e+00 1.109848625871522332e+00
2.495424516659810799e+00 1.107878223786637584e+00
2.497856849033319726e+00 1.106497706965409833e+00
2.505964623611682818e+00 1.104752758410613822e+00
2.503262032085561195e+00 1.103301208285385471e+00
2.508667215137803552e+00 1.101602585798415967e+00
2.512180584121760596e+00 1.099947200974751071e+00
2.517675853558206889e+00 1.098699485547959043e+00
2.522759299524005350e+00 1.101779066056802314e+00
2.522630604689428679e+00 1.099873079266228793e+00
2.527585355820650470e+00 1.097834732281865566e+00
2.531098724804607514e+00 1.096389358965680572e+00
2.530287947346771205e+00 1.094962516076626091e+00
2.528936651583710393e+00 1.100984904894063421e+00
2.533440970793911617e+00 1.099255398361876246e+00
2.541548745372274709e+00 1.097927384417518359e+00
2.537044426162073485e+00 1.096722906654030938e+00
2.543800904977375765e+00 1.099780427130575999e+00
2.552719457013574278e+00 1.097797671427604316e+00
2.550557383792678046e+00 1.096661138563595594e+00
2.562139918904625446e+00 1.097596483933043654e+00
2.568124228712464152e+00 1.095765501252284446e+00
2.573799670917318316e+00 1.093572734041833083e+00
2.576232003290827244e+00 1.092368256278345440e+00
2.578934594816947978e+00 1.091071126379205225e+00
2.581637186343068713e+00 1.099873079266228793e+00
2.581637186343068713e+00 1.089588692208759202e+00
2.587042369395311070e+00 1.088059931970486671e+00
2.589474701768819109e+00 1.086308806606647082e+00
2.591997120526532861e+00 1.099378934542746711e+00
2.591868425691955302e+00 1.084042800088965253e+00
2.591096256684491728e+00 1.081713260678264232e+00
2.596501439736734085e+00 1.097278819467948141e+00
2.596501439736734085e+00 1.095796385297502118e+00
2.596501439736734085e+00 1.094313951127056095e+00
2.596501439736734085e+00 1.092831516956609850e+00
2.596501439736734085e+00 1.091349082786163827e+00
2.596501439736734085e+00 1.089866648615717803e+00
2.596501439736734085e+00 1.088384214445271780e+00
2.596501439736734085e+00 1.086901780274825535e+00
2.596501439736734085e+00 1.085419346104379512e+00
