# Длина волны, мкм   Коэффициент отражения
3.751508479649350858e-01 7.358134144574821622e-01
3.750677847729884662e-01 7.286976676807184194e-01
3.749847215810417911e-01 7.215819209039546767e-01
3.749016583890951160e-01 7.144661741271909339e-01
3.748185951971484409e-01 7.073504273504274131e-01
3.747355320052018213e-01 7.002346805736636703e-01
3.746524688132551462e-01 6.931189337968999276e-01
3.745694056213084711e-01 6.860031870201361848e-01
3.784993328902847565e-01 6.757743010285381935e-01
3.776115950263547738e-01 6.691032884253222957e-01
3.880282384414154295e-01 6.826676807185281248e-01
3.852326428874607300e-01 6.744400985078951027e-01
3.946084006784398301e-01 6.913399971027089919e-01
4.003709096197392014e-01 6.993452122265682025e-01
4.058504845634702818e-01 7.062385919165579118e-01
4.106525753478864615e-01 7.129096045197740317e-01
4.192387136704226469e-01 7.199808778791829678e-01
4.249991460319234027e-01 7.278081993336229516e-01
4.350747112150530338e-01 7.352797334492249259e-01
4.454292302844702345e-01 7.435221401323095503e-01
4.536066284833022433e-01 7.502672750977834593e-01
4.617926790979619556e-01 7.577536336858371468e-01
4.713224498906753990e-01 7.647211357380848673e-01
4.821829622377009628e-01 7.700579458206576744e-01
4.930304959609848048e-01 7.742829204693610912e-01
5.038910083080104796e-01 7.796197305519338983e-01
5.147593078292810320e-01 7.856236418948282507e-01
5.256146287268098627e-01 7.905157178038533239e-01
5.364907154223255148e-01 7.971867304070693327e-01
5.473642063930926893e-01 8.036353759235114191e-01
5.582273144648666197e-01 8.091945530928581487e-01
5.690696567386539506e-01 8.129747935680138315e-01
5.798964246639510822e-01 8.154208315225264236e-01
5.907283840387449469e-01 8.183116036505866386e-01
6.015525562392938230e-01 8.205352745183253083e-01
6.123715369903461880e-01 8.223142112125162440e-01
6.231957091908950641e-01 8.245378820802549136e-01
6.340172856666955736e-01 8.265391858612196607e-01
6.448466493167412938e-01 8.292075909025060643e-01
6.556760129667867920e-01 8.318759959437924678e-01
6.665131637910772788e-01 8.352115022454005278e-01
6.773477188906196211e-01 8.383246414602346652e-01
6.881718910911684972e-01 8.405483123279733348e-01
6.989830846679757625e-01 8.416601477618426141e-01
7.097994696942796500e-01 8.432167173692597384e-01
7.206132589958352819e-01 8.445509198899029402e-01
7.314504098201257687e-01 8.478864261915108891e-01
7.422590076721846675e-01 8.487758945386063569e-01
7.530572226252503221e-01 8.487758945386063569e-01
7.638424589545741439e-01 8.476640591047369666e-01
7.745965465869181221e-01 8.438838186295812838e-01
7.854025487142286543e-01 8.445509198899029402e-01
7.962345080890226301e-01 8.474416920179631552e-01
8.070457016658297844e-01 8.485535274518324345e-01
8.178802567653720157e-01 8.516666666666665719e-01
8.286888546174310255e-01 8.525561350137620398e-01
8.394948567447415577e-01 8.532232362740836962e-01
8.502852845235621126e-01 8.525561350137620398e-01
8.610860952013761338e-01 8.527785021005359622e-01
8.719024802276799102e-01 8.543350717079529755e-01
8.827006951807454538e-01 8.543350717079529755e-01
8.935144844823010857e-01 8.556692742285961772e-01
9.043049122611217516e-01 8.550021729682746319e-01
9.151031272141872952e-01 8.550021729682746319e-01
9.259013421672528388e-01 8.550021729682746319e-01
9.367021528450667489e-01 8.552245400550484433e-01
9.474977720733839259e-01 8.550021729682746319e-01
9.582648383294695149e-01 8.523337679269882283e-01
9.690215216865617487e-01 8.487758945386063569e-01
9.797782050436539825e-01 8.452180211502244855e-01
9.905478670244879380e-01 8.427719831957120045e-01
1.001322720454818738e+00 8.407706794147471463e-01
1.012105361059394193e+00 8.394364768941039445e-01
1.011144942902511001e+00 8.727915399101838778e-01
1.022906171737208103e+00 8.396588439808778670e-01
1.033699195240777025e+00 8.392141098073301331e-01
1.044512984542332656e+00 8.405483123279733348e-01
1.055337156742881533e+00 8.427719831957120045e-01
1.066171711842423875e+00 8.458851224105461419e-01
1.077006266941965995e+00 8.489982616253801684e-01
1.087840822041508337e+00 8.521114008402143059e-01
1.098659802792560702e+00 8.538903375344052415e-01
1.109473592094116112e+00 8.552245400550484433e-01
1.120279594221426755e+00 8.558916413153700997e-01
1.131077809174492188e+00 8.558916413153700997e-01
1.141868236953312854e+00 8.552245400550484433e-01
1.152611941686663366e+00 8.505548312327972926e-01
1.161987699477642577e+00 8.443285528031290177e-01
1.165964349792088850e+00 8.381022743734607428e-01
1.176679501553207663e+00 8.309865275966970000e-01
1.187405036213319942e+00 8.247602491670287250e-01
1.198125379423935488e+00 8.180892365638128272e-01
1.207499406731749048e+00 8.117147134096285299e-01
1.211946748467226387e+00 8.072673716741511907e-01
1.222231875161704728e+00 8.018564392293204834e-01
1.231611959160597625e+00 7.960007726109421533e-01
1.240988582193159440e+00 7.898486165435317785e-01
1.251719308302768452e+00 7.840670722874112375e-01
1.262447438687628765e+00 7.780631609445167740e-01
1.273191143420979499e+00 7.733934521222656233e-01
1.283950422502820210e+00 7.700579458206576744e-01
1.294707105859912222e+00 7.665000724322758030e-01
1.305468980666501189e+00 7.633869332174416655e-01
1.316225664023593644e+00 7.598290598290597941e-01
1.326982347380685656e+00 7.562711864406779227e-01
1.337710477765546413e+00 7.502672750977834593e-01
1.347066335000121517e+00 7.423361823361822598e-01
1.351719604232300087e+00 7.362581486310300072e-01
1.357710536951452829e+00 7.291424018542662644e-01
1.364355592307185505e+00 7.202477183833115859e-01
1.372368594605289482e+00 7.129096045197740317e-01
1.381731373772526972e+00 7.055714906562364774e-01
1.388118933233224661e+00 6.977441692017962716e-01
1.392353079442705921e+00 6.904505287556135240e-01
1.397656145103550296e+00 6.822229465449805019e-01
1.402933253516911227e+00 6.717716934666086992e-01
1.405532439231575781e+00 6.631734994446858433e-01
1.408148929777895297e+00 6.560577526679221005e-01
1.410755037425221792e+00 6.480525375440628899e-01
1.412680199946902082e+00 6.395284658843980452e-01
1.415268137520990122e+00 6.299666811531217103e-01
1.417209739632743437e+00 6.228509343763579675e-01
1.418479914276260967e+00 6.160316770486260474e-01
1.421064390884017925e+00 6.061734028683181119e-01
1.423647137008609453e+00 5.961668839634941541e-01
1.426227287408452504e+00 5.859379979718961629e-01
1.428821281673619881e+00 5.768950697764256841e-01
1.431430850287277456e+00 5.691863441015982961e-01
1.434036957934603729e+00 5.611811289777390854e-01
1.436646526548261527e+00 5.534724033029116974e-01
1.439259556128249962e+00 5.460601670771163541e-01
1.441886429573563166e+00 5.398338886474480791e-01
1.447185169026493634e+00 5.312356946255250012e-01
1.449798198606482069e+00 5.238234583997296578e-01
1.455099533784161236e+00 5.154476314645806134e-01
1.460384429371767379e+00 5.056634796465304671e-01
1.465697877931604998e+00 4.983253657829929129e-01
1.472077131073108447e+00 4.897864696508764659e-01
1.477664169021420726e+00 4.827596697088221145e-01
1.483459557142865481e+00 4.781640832488289750e-01
1.493762853910582278e+00 4.743097204114152809e-01
1.503138611701561489e+00 4.680834419817470060e-01
1.512503986593547012e+00 4.609676952049832632e-01
1.520766697612440987e+00 4.518951180646095800e-01
1.528495381526444374e+00 4.433265729875899286e-01
1.536226834213512582e+00 4.349952194697956909e-01
1.541804527552730564e+00 4.271678980153557070e-01
1.545781177867176837e+00 4.209416195856874321e-01
1.552462573369386201e+00 4.151600753295667801e-01
1.563284149845187043e+00 4.171613791105315272e-01
1.574113513495232430e+00 4.198297841518179307e-01
1.584890962650311375e+00 4.180508474576269951e-01
1.595634667383662109e+00 4.133811386353758444e-01
1.606373180667515888e+00 4.082666956395770708e-01
1.617127268299859866e+00 4.044864551644211659e-01
1.627909908904435543e+00 4.031522526437780751e-01
1.634658793250101549e+00 4.031522526437780751e-01
1.652294147190276119e+00 4.107127335940894408e-01
1.663107936491831751e+00 4.120469361147327536e-01
1.673906151444897183e+00 4.120469361147327536e-01
1.684704366397962838e+00 4.120469361147327536e-01
1.695492198452035248e+00 4.111574677676372858e-01
1.706285221955603948e+00 4.107127335940894408e-01
1.717080841183921347e+00 4.104903665073156294e-01
1.727907609109218701e+00 4.129364044618282215e-01
1.738749951383005810e+00 4.167166449369839043e-01
1.749605272280534862e+00 4.216087208460088664e-01
1.760473571801805415e+00 4.276126321889033299e-01
1.771336679873579234e+00 4.331718093582499485e-01
1.782197192220604798e+00 4.385086194408227556e-01
1.793060300292378839e+00 4.440677966101693741e-01
1.803926004088900914e+00 4.498493408662900261e-01
1.814796899334919944e+00 4.560756192959583011e-01
1.825652220232448553e+00 4.609676952049832632e-01
1.836478988157745906e+00 4.634137331594958553e-01
1.847256437312824850e+00 4.616347964653049196e-01
1.857984567697685385e+00 4.556308851224104561e-01
1.866247278716579361e+00 4.465583079820367729e-01
1.873691817294798501e+00 4.367741561639866266e-01
1.877221483807581803e+00 4.269455309285816735e-01
1.879801634207425076e+00 4.167166449369839043e-01
1.882399954680506360e+00 4.080443285528030373e-01
1.885675759312902766e+00 3.995943792553962037e-01
1.887593999901920894e+00 3.904773286976677138e-01
1.889538197738422243e+00 3.835839490076777825e-01
1.890815294314602157e+00 3.773576705780095075e-01
1.893400636163941941e+00 3.675735187599593612e-01
1.895985978013281503e+00 3.577893669419092149e-01
1.898571319862621287e+00 3.480052151238590685e-01
1.901143683088219571e+00 3.371092278719396429e-01
1.904244535872578359e+00 3.252348254382153581e-01
1.906289274780998300e+00 3.153913757303588028e-01
1.908325015176957518e+00 3.047770534550195975e-01
1.911430540265863343e+00 2.933029117774881289e-01
1.914544371673963852e+00 2.825403447776329013e-01
1.916599493481377481e+00 2.735863634168718139e-01
1.919222905960359382e+00 2.670635955381717164e-01
1.921829013607685654e+00 2.590583804143125057e-01
1.924452426086667556e+00 2.525356125356126302e-01
1.929756356989094757e+00 2.443821526872373973e-01
1.936429965317059132e+00 2.379335071707953109e-01
1.944164705922142300e+00 2.298838186295812935e-01
1.948409235030616138e+00 2.234796465304940138e-01
1.953714896416208768e+00 2.154744314066348032e-01
1.959004983453312088e+00 2.061350137621325018e-01
1.965374891985721240e+00 1.967955961176299784e-01
1.971441965964158216e+00 1.923482543821526392e-01
1.981805829642669492e+00 1.936824569027959519e-01
1.992679320613436778e+00 2.001311024192380383e-01
2.003534641510965830e+00 2.050231783282630005e-01
2.014322473565037797e+00 2.041337099811675326e-01
2.023706018530261996e+00 1.985745328118209141e-01
2.029016871365351360e+00 1.910140518615095484e-01
2.035409622275545782e+00 1.836314645806171875e-01
2.040988353904663377e+00 1.758930899608865950e-01
2.046306993913997729e+00 1.689997102708966636e-01
2.051633421097577070e+00 1.627734318412283887e-01
2.062364147207186083e+00 1.569918875851079587e-01
2.073151979261258493e+00 1.561024192380124909e-01
2.083957981388568914e+00 1.567695204983341473e-01
2.094758792066382824e+00 1.569918875851079587e-01
2.105564794193693690e+00 1.576589888454296151e-01
2.116350030523017622e+00 1.565471534115601138e-01
2.127096330981116168e+00 1.520998116760827745e-01
2.135166439223683987e+00 1.496537737215704045e-01
2.150167132544300586e+00 1.627734318412283887e-01
2.150076282178109199e+00 1.549905838041432116e-01
2.156396871940299942e+00 1.761154570476604064e-01
2.154286547719905354e+00 1.687773431841228522e-01
2.158514118093357137e+00 1.840465498092618279e-01
2.161873332014333293e+00 1.943050847457628016e-01
2.164822594473389206e+00 2.041337099811675326e-01
2.167628572926337593e+00 2.132507605388960226e-01
2.170434551379285093e+00 2.223678110966247345e-01
2.172572563330328776e+00 2.320778405524168697e-01
2.175362102193204361e+00 2.397865662272440357e-01
2.178144719123417339e+00 2.469023130040077785e-01
2.181606550696110869e+00 2.543886715920613550e-01
2.183730718781830227e+00 2.629127432517261997e-01
2.190307939197472908e+00 2.713330436042300509e-01
2.196072524718571284e+00 2.795161523975082662e-01
2.201554695387050398e+00 2.866318991742720090e-01
2.212407420559830751e+00 2.913016079965231597e-01
2.223231592760380071e+00 2.935252788642619404e-01
2.234071339309418924e+00 2.970831522526438118e-01
2.244929255931695788e+00 3.021975952484425854e-01
2.255776789654980075e+00 3.064225698971461131e-01
2.266582791782290496e+00 3.070896711574677695e-01
2.275972393438594477e+00 3.020493505239267851e-01
2.283312237785297238e+00 2.948594813849050311e-01
2.287966372259058634e+00 2.888555700420107897e-01
2.295989757456155633e+00 2.824069245255684812e-01
2.306730866464758556e+00 2.775148486165435191e-01
2.317474571198108624e+00 2.728451397942923684e-01
2.328205297307717636e+00 2.670635955381717164e-01
2.336468008326611390e+00 2.579910183977980331e-01
2.344196692240615221e+00 2.494224733207783817e-01
2.350850400012175712e+00 2.412690134724033708e-01
2.356158657122516598e+00 2.334861654353179716e-01
2.361472105682354439e+00 2.261480515717804174e-01
2.366769979893701858e+00 2.174757351875995504e-01
2.372075641279294711e+00 2.094705200637403397e-01
2.377355345417404564e+00 1.992416340721425705e-01
2.382642836729758962e+00 1.896798493408662356e-01
2.386289310856217316e+00 1.782946544980443804e-01
2.389825207108396299e+00 1.689997102708966636e-01
2.393115720847700079e+00 1.618098411318751317e-01
2.397069874880994433e+00 1.536563812834998988e-01
2.399704535500552183e+00 1.480972041141532802e-01
2.407354136333889727e+00 1.481713264764110694e-01
2.419113807733737964e+00 1.688662900188322435e-01
2.425693796922445689e+00 1.775237819305615083e-01
2.435190688535013859e+00 1.816746342170070250e-01
2.445970733414840836e+00 1.801180646095901228e-01
2.456709246698694837e+00 1.750036216137911271e-01
2.467452951432045349e+00 1.703339127915399764e-01
2.478178486092157851e+00 1.641076343618717015e-01
2.488896233578024919e+00 1.572142546718817702e-01
2.499613981063892432e+00 1.503208749818918388e-01
2.510342111448752522e+00 1.443169636389975974e-01
2.521096199081096501e+00 1.405367231638416925e-01
2.531855478162937434e+00 1.372012168622338546e-01
2.542632927318015934e+00 1.354222801680429189e-01
2.553407780748346401e+00 1.334209763870781718e-01
2.564180038453929278e+00 1.311973055193393911e-01
2.574944508985266278e+00 1.283065333912791761e-01
2.585698596617609812e+00 1.245262929161234933e-01
2.597271894980528018e+00 1.215465739533536649e-01
2.602075024054843588e+00 1.398696219035202581e-01
2.601991960862896747e+00 1.327538751267565154e-01
2.603258674540083195e+00 1.256381283499927726e-01
2.603185994247129820e+00 1.194118499203244976e-01
