# Длина волны, мкм   Коэффициент отражения
4.369127338435373487e-01 8.892824442675160146e-01
4.409917091836734748e-01 8.849031316348195952e-01
4.416443452380951484e-01 8.793220541401274293e-01
4.468654336734694255e-01 8.761445063694268676e-01
4.586128826530612157e-01 8.766333598726115950e-01
4.638339710884353817e-01 8.718670382165605304e-01
4.719919217687074120e-01 8.671312699044586569e-01
4.814551445578231226e-01 8.622121815286625246e-01
4.915710034013605068e-01 8.568958996815287943e-01
5.010342261904762173e-01 8.504796974522293995e-01
5.082132227891156262e-01 8.447356687898089911e-01
5.173501275510203889e-01 8.388694267515923730e-01
5.247466695011336890e-01 8.352030254777070839e-01
5.323607568027211023e-01 8.310783240445860365e-01
5.372555272108843205e-01 8.249676552547771102e-01
5.421502976190476497e-01 8.199263535031847683e-01
5.486766581632652739e-01 8.147322850318472476e-01
5.543872236394558062e-01 8.077050159235669158e-01
5.576504039115646183e-01 8.028164808917197526e-01
5.662978316326530148e-01 7.981723726114650086e-01
5.731505102040815869e-01 7.936504777070064742e-01
5.800031887755101589e-01 7.893730095541402481e-01
5.894664115646258695e-01 7.857066082802548479e-01
6.015401785714284966e-01 7.826512738853503848e-01
6.119823554421767176e-01 7.781293789808918504e-01
6.253613945578231359e-01 7.759295382165605215e-01
7.167304421768707634e-01 7.747074044585987584e-01
7.297831632653061229e-01 7.814291401273886217e-01
7.259761196145123607e-01 7.751147823779194201e-01
7.428358843537414824e-01 7.814291401273886217e-01
7.558886054421768419e-01 7.814291401273886217e-01
7.689413265306122014e-01 7.817346735668790902e-01
7.819940476190476719e-01 7.794431727707007429e-01
7.950467687074829204e-01 7.783738057324841586e-01
8.080994897959183909e-01 7.774572054140127531e-01
8.211522108843536394e-01 7.768461385350319270e-01
8.342049319727891099e-01 7.762350716560509900e-01
8.472576530612243584e-01 7.757767714968153427e-01
8.603103741496598289e-01 7.774572054140127531e-01
8.733630952380952994e-01 7.797487062101911004e-01
8.875035430839002260e-01 7.814291401273886217e-01
8.994685374149660184e-01 7.850955414012739109e-01
9.125212585034012669e-01 7.875398089171975480e-01
9.255739795918367374e-01 7.898313097133758953e-01
9.386267006802719859e-01 7.919700437898089529e-01
9.516794217687074564e-01 7.934977109872611845e-01
9.647321428571427049e-01 7.934977109872611845e-01
9.777848639455781754e-01 7.938032444267516530e-01
9.908375850340136459e-01 7.945670780254777688e-01
1.000627125850340082e+00 8.089271496815286788e-01
1.000627125850340082e+00 8.022054140127389266e-01
1.000627125850340082e+00 7.973168789808917634e-01
1.003890306122448894e+00 7.924792661889596967e-01
1.000627125850340082e+00 7.875398089171975480e-01
1.000627125850340082e+00 7.832623407643313218e-01
1.049574829931972708e+00 7.667635350318471321e-01
1.056101190476190332e+00 7.623333001592357272e-01
1.062627551020408179e+00 7.574447651273885640e-01
1.069480229591836862e+00 7.520979299363057535e-01
1.082206632653061273e+00 7.479732285031848171e-01
1.095259353741496522e+00 7.443068272292994170e-01
1.107985756802720934e+00 7.393877388535032846e-01
1.114838435374149617e+00 7.362101910828026119e-01
1.127891156462584865e+00 7.363629578025479017e-01
1.140943877551020336e+00 7.366684912420382592e-01
1.153996598639455806e+00 7.351408240445860276e-01
1.167049319727891055e+00 7.337659235668789748e-01
1.180102040816326525e+00 7.334603901273886173e-01
1.193854014820213694e+00 7.332421519563240286e-01
1.196417942176870586e+00 7.417097929936307121e-01
1.196417942176870586e+00 7.215445859872611223e-01
1.196417942176870586e+00 7.172671178343950071e-01
1.206207482993197244e+00 7.325437898089173228e-01
1.219260204081632493e+00 7.333076234076434385e-01
1.232312925170067963e+00 7.360574243630573221e-01
1.245365646258503434e+00 7.380433917197453120e-01
1.258418367346938682e+00 7.394182921974523648e-01
1.271471088435374153e+00 7.380433917197453120e-01
1.284523809523809401e+00 7.334603901273886173e-01
1.297576530612244872e+00 7.305578224522293329e-01
1.310629251700680120e+00 7.278080214968153383e-01
1.323681972789115591e+00 7.261275875796178170e-01
1.336734693877551061e+00 7.226139530254778176e-01
1.349787414965986310e+00 7.194058519108280647e-01
1.362840136054421780e+00 7.154339171974523071e-01
1.375892857142857029e+00 7.117675159235669069e-01
1.388945578231292499e+00 7.099343152866242068e-01
1.401998299319727748e+00 7.091704816878980910e-01
1.415051020408163218e+00 7.077955812101911492e-01
1.424024766156462452e+00 7.013793789808917545e-01
1.423208971088435248e+00 7.068789808917197437e-01
1.426472151360544061e+00 6.958797770700637653e-01
1.430387967687074768e+00 6.892802547770702226e-01
1.435717828798185769e+00 6.828436836518047004e-01
1.438872236394557858e+00 6.763256369426752235e-01
1.439524872448979531e+00 7.258220541401274595e-01
1.441156462585033937e+00 7.191003184713375962e-01
1.441156462585033937e+00 7.142117834394905440e-01
1.441156462585033937e+00 7.056568471337580917e-01
1.441156462585033937e+00 7.007683121019108174e-01
1.441156462585033937e+00 6.922133757961783651e-01
1.448661777210884072e+00 6.873248407643313129e-01
1.449314413265305967e+00 6.807558718152866284e-01
1.446051232993197155e+00 6.757145700636943975e-01
1.459756590136054522e+00 6.955131369426752475e-01
1.456928500566893492e+00 6.887506634819533513e-01
1.467261904761904656e+00 7.033144240976645367e-01
1.480314625850340127e+00 7.047402468152866861e-01
1.491735756802720969e+00 7.163505175159236016e-01
1.494455073696145275e+00 7.057586916135880628e-01
1.490104166666666563e+00 7.013793789808917545e-01
1.491735756802720969e+00 6.916023089171974281e-01
1.488472576530612157e+00 6.879359076433121389e-01
1.505720815111759148e+00 7.118548111919927868e-01
1.519472789115646094e+00 7.137534832802547857e-01
1.525999149659863940e+00 7.090177149681529123e-01
1.535788690476190377e+00 7.203224522292994703e-01
1.538508007369614461e+00 7.150265392781316454e-01
1.539051870748299189e+00 7.083048036093418931e-01
1.535788690476190377e+00 7.022959792993630490e-01
1.551016865079364981e+00 7.155357616772823892e-01
1.564830994897959071e+00 7.159227707006370345e-01
1.577231079931972868e+00 7.191003184713375962e-01
1.591262755102040627e+00 7.204752189490446490e-01
1.604315476190476097e+00 7.194058519108280647e-01
1.617368197278911568e+00 7.232250199044586436e-01
1.630420918367346816e+00 7.250582205414013437e-01
1.640210459183673475e+00 7.249054538216561649e-01
1.676105442176870630e+00 7.218501194267517018e-01
1.689158163265306101e+00 7.224611863057325278e-01
1.702210884353741349e+00 7.206279856687898278e-01
1.708737244897959195e+00 7.163505175159236016e-01
1.718526785714285632e+00 7.107490711252654192e-01
1.725053146258503256e+00 7.038236464968152806e-01
1.731579506802721102e+00 6.986295780254777599e-01
1.738105867346938727e+00 6.938938097133757754e-01
1.745176091269841079e+00 6.909912420382166021e-01
1.751158588435373975e+00 7.175726512738853646e-01
1.751158588435373975e+00 7.093232484076433808e-01
1.751158588435373975e+00 7.044347133757962176e-01
1.751158588435373975e+00 6.958797770700637653e-01
1.754421768707483009e+00 6.874776074840764917e-01
1.751158588435373975e+00 6.793809713375796866e-01
1.757684948979591821e+00 6.906857085987261335e-01
1.770737670068027070e+00 6.917550756369427178e-01
1.782811437074830030e+00 6.966130573248408009e-01
1.796843112244898011e+00 7.009210788216561072e-01
1.809895833333333259e+00 7.009210788216561072e-01
1.822948554421768508e+00 7.024487460191083388e-01
1.836001275510204200e+00 7.016849124203822230e-01
1.849053996598639449e+00 6.993934116242038757e-01
1.858517219387754826e+00 6.934355095541402392e-01
1.862922512755101900e+00 6.874776074840764917e-01
1.867001488095237915e+00 6.818252388535032127e-01
1.872875212585033866e+00 6.758367834394904961e-01
1.878422619047618758e+00 6.683817675159235971e-01
1.883317389455782420e+00 6.612526539278131832e-01
1.885764774659864029e+00 6.553965963375796289e-01
1.889843750000000044e+00 6.498460721868365431e-01
1.889843750000000044e+00 6.451612261146497662e-01
1.893106930272108857e+00 6.391727707006369386e-01
1.897185905612244872e+00 6.326343550955414452e-01
1.900449085884353684e+00 6.262181528662420504e-01
1.902896471088435293e+00 6.192927282377920228e-01
1.902896471088435293e+00 6.146078821656051350e-01
1.905343856292516902e+00 6.081916799363058512e-01
1.909422831632652917e+00 6.029976114649682195e-01
1.909422831632652917e+00 5.981090764331210563e-01
1.907791241496598511e+00 5.947482085987261247e-01
1.913338647959183847e+00 5.885764331210191491e-01
1.912686011904761729e+00 5.822213375796179147e-01
1.915949192176870541e+00 5.753773885350318418e-01
1.917580782312924947e+00 5.700000000000000622e-01
1.919212372448979353e+00 5.651114649681528990e-01
1.918396577380952150e+00 5.597646297770700885e-01
1.921387825963718710e+00 5.532975053078557082e-01
1.922475552721088166e+00 5.480015923566878833e-01
1.921659757653060963e+00 5.426547571656050728e-01
1.926391369047619095e+00 5.357802547770700308e-01
1.924922937925169775e+00 5.289057523885349887e-01
1.929817708333333437e+00 5.235589171974521783e-01
1.928186118197278587e+00 5.174482484076433630e-01
1.932265093537415046e+00 5.121523354564756492e-01
1.932265093537415046e+00 5.072638004246284860e-01
1.936833545918367205e+00 5.005828025477706555e-01
1.937159863945578264e+00 4.951443073248408266e-01
1.940096726190476017e+00 4.878726114649681866e-01
1.940423044217687076e+00 4.824646695859873269e-01
1.944385477405247586e+00 4.755465195632393449e-01
1.943686224489795888e+00 5.919984076433121301e-01
1.943686224489795888e+00 5.877209394904459039e-01
1.943686224489795888e+00 5.797770700636942776e-01
1.943686224489795888e+00 5.748885350318471144e-01
1.943686224489795888e+00 5.645003980891720730e-01
1.943686224489795888e+00 5.605284633757962043e-01
1.943686224489795888e+00 5.528901273885350465e-01
1.943686224489795888e+00 5.486126592356688203e-01
1.943686224489795888e+00 5.394466560509554309e-01
1.943686224489795888e+00 5.351691878980892048e-01
1.943686224489795888e+00 5.260031847133758154e-01
1.943686224489795888e+00 5.217257165605095892e-01
1.943686224489795888e+00 5.137818471337579629e-01
1.943686224489795888e+00 5.088933121019107997e-01
1.945317814625850295e+00 4.693776539278131654e-01
1.943686224489795888e+00 4.584802945859872692e-01
1.945317814625850295e+00 5.003383757961783473e-01
1.945317814625850295e+00 4.954498407643311841e-01
1.953802083333333384e+00 4.837173566878980591e-01
1.951844175170067919e+00 4.765067675159235794e-01
1.960328443877551008e+00 4.903168789808917127e-01
1.962938988095237702e+00 5.002161624203821377e-01
1.961633715986394355e+00 4.954498407643311841e-01
1.966528486394557573e+00 5.126615578556262820e-01
1.964896896258503167e+00 5.056342887473460612e-01
1.968975871598639182e+00 5.205035828025477151e-01
1.972075892857142909e+00 5.299140127388535237e-01
1.968160076530611979e+00 5.247810509554140523e-01
1.974686437074829604e+00 5.382245222929936679e-01
1.979254889455782207e+00 5.459239649681528750e-01
1.986433886054421949e+00 5.494681528662420655e-01
1.996596361758989024e+00 5.446843721565060026e-01
2.002749787414965787e+00 5.511791401273886670e-01
2.004055059523809135e+00 5.583897292993631467e-01
2.007970875850340065e+00 5.712221337579618252e-01
2.007318239795917947e+00 5.649077760084926236e-01
2.011234056122448877e+00 5.866210191082803505e-01
2.010581420068026759e+00 5.805918259023354899e-01
2.007318239795917947e+00 5.773328025477707515e-01
2.015149872448979806e+00 6.054418789808917456e-01
2.013844600340135571e+00 5.989238322717622687e-01
2.014660395408163218e+00 5.933733081210190718e-01
2.018739370748298789e+00 6.231628184713375873e-01
2.017107780612244383e+00 6.160337048832271734e-01
2.017107780612244383e+00 6.111451698513801212e-01
2.021023596938775313e+00 6.330621019108280123e-01
2.017107780612244383e+00 6.286624203821655765e-01
2.023634141156462896e+00 6.463833598726115293e-01
2.023634141156462896e+00 6.406800690021231537e-01
2.028528911564626114e+00 6.545309182590234309e-01
2.032771045918367214e+00 6.600712579617834530e-01
2.042397427721088121e+00 6.572297969745223289e-01
2.048107993197278986e+00 6.524940286624203445e-01
2.054634353741496611e+00 6.505080613057325767e-01
2.062792304421768641e+00 6.576880971337579762e-01
2.069318664965986265e+00 6.637987659235669025e-01
2.075845025510203889e+00 6.702149681528662972e-01
2.084002976190475920e+00 6.772422372611466290e-01
2.093792517006802356e+00 6.822835390127388600e-01
2.106845238095237605e+00 6.842695063694268498e-01
2.119897959183673741e+00 6.832001393312102655e-01
2.129361181972789119e+00 6.782810509554140221e-01
2.140292835884353373e+00 6.734230692675160501e-01
2.146329719387755297e+00 6.689928343949045342e-01
2.155792942176870675e+00 6.634932324840765450e-01
2.165582482993197111e+00 6.595212977707006763e-01
2.178635204081632359e+00 6.576880971337579762e-01
2.189240539965986443e+00 6.535633957006370398e-01
2.194951105442176420e+00 6.500497611464968184e-01
2.201477465986394044e+00 6.456195262738854135e-01
2.214530187074830181e+00 6.455007077140836325e-01
2.214530187074830181e+00 6.622710987261146709e-01
2.217793367346938993e+00 6.518829617834395185e-01
2.214530187074830181e+00 6.402726910828026030e-01
2.224319727891156617e+00 6.497442277070064609e-01
2.230846088435374241e+00 6.567714968152866817e-01
2.240635629251700678e+00 6.625766321656051394e-01
2.254776077097505826e+00 6.628821656050956079e-01
2.256951530612244738e+00 6.879359076433121389e-01
2.256951530612244738e+00 6.787699044585987496e-01
2.256951530612244738e+00 6.744924363057325234e-01
2.257495393990929244e+00 6.520866507430997938e-01
2.255319940476190332e+00 6.488276273885350554e-01
2.264456845238094651e+00 6.661819267515923793e-01
2.271635841836734393e+00 6.735758359872612289e-01
2.279467474489795364e+00 6.786476910828025400e-01
2.284688562925169641e+00 6.845750398089172073e-01
2.292520195578231501e+00 6.914800955414013295e-01
2.299372874149659296e+00 6.971019108280255283e-01
2.306986961451246820e+00 7.020922903397027737e-01
2.317864229024943157e+00 7.026015127388536285e-01
2.332004676870748305e+00 7.039764132165605703e-01
2.345057397959183554e+00 7.013793789808917545e-01
2.351910076530612237e+00 6.966130573248408009e-01
2.359741709183673208e+00 6.911440087579618918e-01
2.364636479591836427e+00 6.844731953290871251e-01
2.369531249999999645e+00 6.777005374203821653e-01
2.374426020408162863e+00 6.738813694267515864e-01
2.375241815476190510e+00 6.679234673566879499e-01
2.379320790816326081e+00 6.624747876857750573e-01
2.379320790816326081e+00 6.575862526539278941e-01
2.382583971088434893e+00 6.522903397027601802e-01
2.384215561224489299e+00 6.471471934713376450e-01
2.385847151360543705e+00 6.410365246815287188e-01
2.389762967687074635e+00 6.340398089171974672e-01
2.391720875850340100e+00 6.249960191082802874e-01
2.394984056122448912e+00 6.171743630573249817e-01
2.398899872448979842e+00 6.107377919320594595e-01
2.398899872448979842e+00 6.058492569002122963e-01
2.402163052721088654e+00 6.009607218683652441e-01
2.403794642857143060e+00 5.953592754777070617e-01
2.405426232993197466e+00 5.894013734076433142e-01
2.409994685374149626e+00 5.827101910828025311e-01
2.414399978741496255e+00 5.771800358280254617e-01
2.420436862244898180e+00 5.715887738853503430e-01
2.429573767006802498e+00 5.665780254777070812e-01
2.441321215986394400e+00 5.630745753715499236e-01
2.446215986394557618e+00 5.583897292993631467e-01
2.452742346938775242e+00 5.531956608280255150e-01
2.457637117346938460e+00 5.484089702760084339e-01
2.465468749999999432e+00 5.436019108280254475e-01
2.479547042031097881e+00 5.418327267212619258e-01
2.477216198979591333e+00 5.700000000000000622e-01
2.478847789115645739e+00 5.626671974522292619e-01
2.478847789115645739e+00 5.577786624203822097e-01
2.481567106009070045e+00 5.484089702760084339e-01
2.478847789115645739e+00 5.345581210191083787e-01
2.488637329931973063e+00 5.434185907643311886e-01
2.494837372448979629e+00 5.506902866242038286e-01
2.502016369047619371e+00 5.570453821656051741e-01
2.511153273809523689e+00 5.631560509554139893e-01
2.524532312925169997e+00 5.678612659235668936e-01
2.535137648809524080e+00 5.667918988853504203e-01
2.541392077664398563e+00 5.640930201698514113e-01
2.550093891723355988e+00 5.618524416135881605e-01
2.556837797619047059e+00 5.576564490445860001e-01
2.570216836734693366e+00 5.564037619426751569e-01
2.581637967687075097e+00 5.569639065817409973e-01
