# Длина волны, мкм   Коэффициент отражения
3.781692439862543442e-01 4.234618421052629422e-01
3.758834478808706914e-01 4.159663742690056232e-01
3.829166666666667385e-01 4.313388157894735286e-01
3.871365979381444222e-01 4.394850877192979510e-01
3.895103092783506193e-01 4.461502192982453874e-01
3.950489690721650238e-01 4.529499999999997417e-01
3.961039518900344447e-01 4.586052631578945160e-01
4.013788659793815494e-01 4.700504385964909826e-01
4.000601374570447732e-01 4.633179824561401983e-01
4.045438144329897567e-01 4.779947368421049170e-01
4.066537800687285986e-01 4.909210526315788137e-01
4.066537800687285986e-01 4.855350877192980974e-01
4.099506013745705668e-01 4.998415570175436251e-01
4.132474226804124795e-01 5.065740131578946315e-01
4.172036082474228080e-01 5.115672514619882261e-01
4.264347079037801302e-01 5.159994517543857739e-01
4.364193667157585388e-01 5.215056390977441669e-01
4.479739404352807153e-01 5.232368421052628893e-01
4.488530927835052697e-01 5.198706140350874971e-01
4.567654639175259268e-01 5.299692982456138957e-01
4.541280068728523744e-01 5.245833333333331794e-01
4.600622852233677840e-01 5.370383771929823080e-01
4.620403780068729205e-01 5.429853801169588490e-01
4.688977663230241566e-01 5.490894736842104606e-01
4.699527491408935775e-01 5.546549707602337342e-01
4.757551546391752817e-01 5.656513157894735855e-01
4.739089347079038506e-01 5.585822368421049511e-01
4.794475945017182550e-01 5.735956140350875199e-01
4.905249140893471749e-01 5.765578947368419360e-01
4.963273195876289900e-01 5.898881578947366977e-01
4.963273195876289900e-01 5.836045321637425287e-01
4.989647766323025424e-01 5.979671052631576611e-01
4.963273195876289900e-01 5.770964912280700521e-01
5.021297250859106942e-01 6.065846491228067405e-01
5.048990549828179519e-01 6.158081140350875060e-01
5.016022336769760948e-01 5.939276315789471239e-01
5.068771477663230884e-01 6.215307017543857393e-01
5.121520618556701931e-01 6.270849780701752696e-01
5.184819587628867188e-01 6.336491228070173509e-01
5.240206185567011232e-01 6.397083333333331012e-01
5.292955326460482279e-01 6.454309210526313345e-01
5.348341924398626324e-01 6.527692982456139159e-01
5.372079037800688850e-01 6.590641447368419392e-01
5.411640893470791580e-01 6.657966008771928346e-01
5.469664948453608622e-01 6.724280701754383749e-01
5.556701030927836404e-01 6.780833333333331492e-01
5.662199312714777388e-01 6.780833333333331492e-01
5.767697594501719482e-01 6.733706140350875780e-01
5.853414948453609101e-01 6.678163377192980477e-01
5.899570446735395990e-01 6.625986842105261454e-01
5.952319587628867037e-01 6.572127192982454291e-01
6.005068728522338084e-01 6.528366228070173749e-01
6.057817869415809131e-01 6.481239035087716926e-01
6.097379725085911861e-01 6.426257309941517670e-01
6.144853951890035804e-01 6.359381578947367331e-01
6.189690721649485639e-01 6.294413377192979997e-01
6.229252577319588369e-01 6.235504385964910634e-01
6.292551546391753625e-01 6.178951754385962891e-01
6.352333906071021552e-01 6.150226608187131516e-01
6.456073883161513871e-01 6.161447368421050230e-01
6.558934707903781858e-01 6.201842105263155602e-01
6.664432989690722842e-01 6.222039473684208843e-01
6.769931271477664936e-01 6.205208333333331883e-01
6.822680412371134873e-01 6.156398026315788030e-01
6.875429553264605920e-01 6.102538377192980867e-01
6.928178694158076967e-01 6.046995614035085564e-01
6.967740549828179697e-01 5.997624269005846775e-01
7.020489690721650744e-01 5.939276315789471239e-01
7.073238831615121791e-01 5.865219298245611945e-01
7.125987972508592838e-01 5.789479166666664511e-01
7.173462199312716780e-01 5.713065789473683598e-01
7.205111683848798299e-01 5.646414473684209234e-01
7.251267182130585187e-01 5.589188596491225791e-01
7.277641752577320711e-01 5.528596491228068288e-01
7.310609965635740393e-01 5.481469298245611466e-01
7.336984536082475916e-01 5.434342105263156864e-01
7.363359106529211440e-01 5.370383771929823080e-01
7.409514604810998328e-01 5.306425438596489297e-01
7.435889175257732742e-01 5.242467105263155513e-01
7.468857388316152424e-01 5.180752923976605917e-01
7.495231958762887947e-01 5.126893274853798754e-01
7.521606529209623471e-01 5.066301169590641251e-01
7.547981099656358994e-01 5.007953216374267935e-01
7.574355670103094518e-01 4.956337719298242739e-01
7.600730240549830041e-01 4.906966374269003950e-01
7.627104810996564455e-01 4.850862573099412600e-01
7.653479381443299978e-01 4.797002923976605437e-01
7.679853951890035502e-01 4.737532894736840028e-01
7.726009450171822390e-01 4.673574561403506245e-01
7.752384020618557914e-01 4.609616228070172461e-01
7.785352233676977596e-01 4.554634502923973205e-01
7.811726804123713119e-01 4.495164473684207795e-01
7.857882302405500008e-01 4.431206140350874012e-01
7.884256872852235531e-01 4.368930921052629479e-01
7.930412371134022420e-01 4.303289473684208666e-01
7.952391179839634061e-01 4.256162280701751843e-01
7.996348797250860674e-01 4.200058479532162714e-01
8.049097938144331721e-01 4.138344298245610897e-01
8.086022336769760344e-01 4.063614035087717014e-01
8.128221649484537181e-01 4.011549707602337644e-01
8.180970790378008228e-01 3.956567982456138388e-01
8.244269759450172375e-01 3.895302631578945185e-01
8.299656357388317529e-01 3.832017543859647102e-01
8.355042955326462684e-01 3.779504385964911339e-01
8.423616838487973935e-01 3.731030701754383117e-01
8.563402061855671654e-01 3.633410087719295412e-01
8.655713058419245431e-01 3.589649122807014869e-01
8.721649484536083685e-01 3.537472587719296957e-01
8.798135738831616148e-01 3.484622807017541124e-01
8.893084192439864033e-01 3.437046783625727908e-01
8.935283505154640871e-01 3.386328947368417719e-01
9.011769759450173334e-01 3.327083333333331616e-01
9.088256013745705797e-01 3.266491228070174113e-01
9.143642611683849841e-01 3.212631578947366950e-01
9.183204467353953682e-01 3.163260233918125941e-01
9.246503436426116718e-01 3.104912280701752625e-01
9.288702749140895776e-01 3.046564327485377088e-01
9.341451890034366823e-01 2.990460526315787959e-01
9.394201030927835649e-01 2.918086622807014585e-01
9.446950171821306697e-01 2.852445175438593772e-01
9.510249140893471953e-01 2.780407894736840468e-01
9.552448453608248791e-01 2.714429824561401805e-01
9.605197594501719838e-01 2.652154605263155052e-01
9.657946735395190885e-01 2.584830043859647208e-01
9.710695876288661932e-01 2.514139254385963085e-01
9.773994845360824968e-01 2.439745614035084831e-01
9.816194158075604026e-01 2.377807017543858148e-01
9.879493127147767062e-01 2.317214912280698424e-01
9.921692439862543900e-01 2.261111111111109295e-01
9.984991408934709156e-01 2.202763157894733759e-01
1.004037800687285431e+00 2.147220394736839566e-01
1.009576460481099947e+00 2.099083333333329193e-01
1.017225085910653082e+00 2.056332236842102201e-01
1.025137457044673628e+00 2.002472587719295039e-01
1.035687285223367837e+00 1.967127192982454087e-01
1.046237113402062047e+00 1.941880482456137536e-01
1.056786941580756256e+00 1.931781798245610915e-01
1.067336769759450243e+00 1.948612938596487876e-01
1.077886597938144453e+00 1.977225877192980708e-01
1.088436426116838662e+00 2.019303728070171999e-01
1.096348797250859208e+00 2.069797149122805102e-01
1.103997422680412566e+00 2.120627192982453835e-01
1.114371420389461687e+00 2.183687865497074831e-01
1.121932130584192500e+00 2.243157894736840241e-01
1.129317010309278446e+00 2.298700657894734434e-01
1.138811855670103235e+00 2.353570175438595147e-01
1.146460481099656592e+00 2.406419956140348759e-01
1.154636597938144549e+00 2.457249999999997492e-01
1.164922680412371347e+00 2.517505482456137145e-01
1.175472508591065557e+00 2.564632675438593967e-01
1.186022336769759544e+00 2.610076754385961539e-01
1.196572164948453754e+00 2.645422149122804711e-01
1.207121993127147963e+00 2.687499999999998224e-01
1.217671821305842172e+00 2.721162280701752145e-01
1.228221649484536160e+00 2.763240131578945658e-01
1.238771477663230369e+00 2.803634868421049919e-01
1.249321305841924579e+00 2.845712719298243432e-01
1.259871134020618788e+00 2.896206140350874314e-01
1.270420962199312997e+00 2.945016447368418167e-01
1.288883161512027753e+00 3.052735745614032492e-01
1.296795532646048299e+00 3.101546052631576345e-01
1.303916666666667057e+00 3.158771929824559788e-01
1.312620274914089613e+00 3.215997807017541010e-01
1.320532646048110159e+00 3.283322368421051074e-01
1.328445017182130705e+00 3.346158625730990543e-01
1.336357388316151473e+00 3.428070175438593381e-01
1.344006013745704609e+00 3.499434210526313205e-01
1.349544673539519124e+00 3.554303728070173918e-01
1.355083333333333639e+00 3.607153508771927530e-01
1.361413230240549943e+00 3.670438596491225614e-01
1.366688144329897048e+00 3.729347587719296087e-01
1.371963058419244152e+00 3.791622807017540620e-01
1.378292955326460678e+00 3.857600877192979283e-01
1.382512886597938362e+00 3.915051169590639812e-01
1.388842783505154665e+00 3.978785087719296509e-01
1.393062714776632571e+00 4.033991228070172852e-01
1.398337628865979676e+00 4.087850877192980015e-01
1.404931271477663390e+00 4.155175438596490078e-01
1.408887457044673663e+00 4.234281798245611572e-01
1.414162371134020768e+00 4.298240131578945356e-01
1.420492268041237294e+00 4.380039473684209650e-01
1.424712199312714977e+00 4.444671052631576913e-01
1.431042096219931503e+00 4.510649122807015576e-01
1.435789518900344008e+00 4.582013157894735400e-01
1.441591924398625491e+00 4.664149122807015324e-01
1.445811855670103396e+00 4.729678362573097594e-01
1.451086769759450279e+00 4.791392543859647191e-01
1.456361683848797384e+00 4.860400219298244284e-01
1.461636597938144488e+00 4.924358552631575847e-01
1.466911512027491593e+00 4.996732456140349221e-01
1.472186426116838698e+00 5.070789473684207405e-01
1.477461340206185803e+00 5.149895833333331119e-01
1.483791237113402106e+00 5.222942982456137972e-01
1.488538659793814833e+00 5.295653508771929197e-01
1.493286082474227117e+00 5.370383771929823080e-01
1.498560996563573999e+00 5.434342105263156864e-01
1.503835910652921104e+00 5.501666666666664707e-01
1.509110824742268209e+00 5.562258771929822210e-01
1.514385738831615313e+00 5.632949561403506333e-01
1.520715635738831839e+00 5.703640350877190457e-01
1.526254295532646355e+00 5.774331140350874580e-01
1.530210481099656628e+00 5.836045321637425287e-01
1.535485395189003732e+00 5.892149122807015527e-01
1.541815292096220036e+00 5.959473684210524480e-01
1.546035223367697720e+00 6.015577485380114720e-01
1.551310137457044824e+00 6.072242324561401006e-01
1.557640034364261350e+00 6.138557017543857519e-01
1.561859965635739034e+00 6.188377192982453812e-01
1.568189862542955559e+00 6.247622807017542135e-01
1.573728522336770075e+00 6.302828947368419588e-01
1.579003436426116957e+00 6.356688596491225640e-01
1.584278350515464062e+00 6.408865131578945773e-01
1.589817010309278578e+00 6.461714912280699386e-01
1.597201890034364524e+00 6.520960526315787709e-01
1.605378006872852481e+00 6.593446637426899626e-01
1.612631013745704722e+00 6.661332236842103516e-01
1.620411512027491785e+00 6.713508771929822538e-01
1.628455756013745814e+00 6.769051535087717841e-01
1.636236254295532877e+00 6.821228070175436864e-01
1.644939862542955655e+00 6.876770833333331057e-01
1.652852233676976201e+00 6.935679824561401530e-01
1.663402061855670411e+00 6.972708333333331732e-01
1.671578178694158368e+00 7.038013157894735805e-01
1.681864261168385166e+00 7.087160087719296397e-01
1.692414089347079154e+00 7.129237938596489910e-01
1.702963917525773363e+00 7.171315789473682312e-01
1.713513745704467572e+00 7.210027412280699544e-01
1.724063573883161782e+00 7.240323464912279405e-01
1.734613402061855991e+00 7.262203947368419676e-01
1.745163230240549979e+00 7.287450657894735118e-01
1.755713058419244188e+00 7.307648026315787249e-01
1.766262886597938397e+00 7.324479166666665320e-01
1.776812714776632607e+00 7.339627192982454140e-01
1.787362542955326594e+00 7.348042763157892621e-01
1.797912371134020804e+00 7.369923245614032892e-01
1.808462199312715013e+00 7.383388157894734682e-01
1.819012027491409222e+00 7.391803728070173163e-01
1.829561855670103432e+00 7.398536184210524613e-01
1.840111683848797419e+00 7.408634868421051234e-01
1.850661512027491629e+00 7.425466008771928195e-01
1.861211340206185838e+00 7.433881578947366675e-01
1.871761168384880047e+00 7.443980263157893296e-01
1.882310996563574035e+00 7.452395833333331776e-01
1.892860824742268244e+00 7.452395833333331776e-01
1.903410652920962454e+00 7.455762061403506946e-01
1.913960481099656663e+00 7.470910087719296877e-01
1.924510309278350872e+00 7.470910087719296877e-01
1.935060137457045082e+00 7.470910087719296877e-01
1.945609965635739291e+00 7.472593201754383907e-01
1.956159793814433057e+00 7.474276315789472047e-01
1.966709621993127266e+00 7.481008771929822387e-01
1.977259450171821475e+00 7.487741228070173838e-01
1.987809278350515685e+00 7.497839912280700458e-01
1.998359106529209894e+00 7.502889254385962658e-01
2.008908934707903882e+00 7.504572368421050799e-01
2.019458762886598535e+00 7.514671052631577419e-01
2.030008591065292300e+00 7.514671052631577419e-01
2.040558419243986954e+00 7.526452850877191070e-01
2.051108247422680719e+00 7.528135964912279210e-01
2.061658075601374485e+00 7.528135964912279210e-01
2.072207903780069138e+00 7.536551535087717690e-01
2.082757731958762903e+00 7.539917763157892860e-01
2.093307560137457557e+00 7.550016447368419481e-01
2.103857388316151322e+00 7.555065789473682791e-01
2.114407216494845976e+00 7.563481359649121272e-01
2.124957044673539741e+00 7.566847587719296442e-01
2.135506872852233506e+00 7.568530701754384582e-01
2.146056701030928160e+00 7.568530701754384582e-01
2.156606529209621925e+00 7.568530701754384582e-01
2.167156357388316579e+00 7.561798245614033132e-01
2.177706185567010344e+00 7.550016447368419481e-01
2.188256013745704998e+00 7.555065789473682791e-01
2.198805841924398763e+00 7.555065789473682791e-01
2.209355670103093416e+00 7.560115131578946102e-01
2.219905498281787182e+00 7.563481359649121272e-01
2.230455326460480947e+00 7.568530701754384582e-01
2.241005154639175601e+00 7.568530701754384582e-01
2.251554982817869366e+00 7.568530701754384582e-01
2.262104810996564019e+00 7.573580043859647892e-01
2.272654639175257785e+00 7.583678728070173403e-01
2.283204467353952438e+00 7.588728070175436713e-01
2.293754295532646204e+00 7.590411184210524853e-01
2.304304123711340857e+00 7.602192982456138504e-01
2.314853951890034622e+00 7.608925438596489954e-01
2.325403780068728388e+00 7.607242324561401814e-01
2.335953608247423041e+00 7.608925438596489954e-01
2.346503436426116807e+00 7.608925438596489954e-01
2.357053264604811460e+00 7.608925438596489954e-01
2.367603092783505225e+00 7.608925438596489954e-01
2.378152920962199879e+00 7.608925438596489954e-01
2.388702749140893644e+00 7.608925438596489954e-01
2.399252577319588298e+00 7.613974780701752154e-01
2.409802405498282063e+00 7.610608552631576984e-01
2.420352233676975828e+00 7.608925438596489954e-01
2.430902061855670482e+00 7.622390350877191745e-01
2.441451890034364247e+00 7.617341008771928434e-01
2.452001718213058901e+00 7.608925438596489954e-01
2.462551546391752666e+00 7.605559210526313674e-01
2.473101374570447319e+00 7.592094298245611883e-01
2.483651202749141085e+00 7.597143640350875193e-01
2.494201030927835738e+00 7.587044956140348573e-01
2.504750859106529504e+00 7.578629385964910092e-01
2.515300687285223269e+00 7.566847587719296442e-01
2.525850515463917922e+00 7.561798245614033132e-01
2.536400343642611688e+00 7.555065789473682791e-01
2.546950171821306341e+00 7.555065789473682791e-01
2.557500000000000107e+00 7.558432017543857961e-01
2.568049828178694760e+00 7.570213815789471612e-01
2.578599656357388525e+00 7.587044956140348573e-01
2.589149484536083179e+00 7.600509868421050363e-01
2.595743127147766671e+00 7.602192982456138504e-01
