# Длина волны, мкм   Коэффициент отражения
4.461127336448597047e-01 1.555215447154471908e+00
4.577686915887849706e-01 1.565433180894309162e+00
4.687272845275181066e-01 1.575442920054200613e+00
4.742065809968846191e-01 1.592342479674796918e+00
4.813794781931464151e-01 1.605134146341463675e+00
4.861614096573207977e-01 1.621201727642276547e+00
4.933343068535824827e-01 1.637269308943089641e+00
5.040936526479750102e-01 1.650450965447154639e+00
5.115654205607476079e-01 1.666440548780488085e+00
5.145541277258566248e-01 1.682820121951219772e+00
5.205315420560746587e-01 1.698419715447154532e+00
5.268078271028036053e-01 1.712771341463414920e+00
5.374675493250258285e-01 1.725719004065040751e+00
5.444411993769470159e-01 1.741318597560975734e+00
5.489242601246104858e-01 1.752498306233062575e+00
5.549016744548286306e-01 1.765887957317073376e+00
5.620745716510903156e-01 1.779849593495935078e+00
5.743282710280372960e-01 1.783437500000000231e+00
5.862830996884734747e-01 1.791627286585365963e+00
5.982379283489095423e-01 1.796307164634146414e+00
6.101927570093457209e-01 1.802157012195122032e+00
6.218487149532709868e-01 1.808864837398374004e+00
6.284238707165108462e-01 1.816664634146341495e+00
7.147975077881618677e-01 1.830236280487804956e+00
7.207749221183800126e-01 1.820096544715447351e+00
7.252579828660435934e-01 1.809696815718157215e+00
7.282466900311526103e-01 1.795137195121951468e+00
7.354195872274141843e-01 1.779225609756097670e+00
7.419947429906541547e-01 1.766433943089431136e+00
7.503631230529593799e-01 1.752706300813008156e+00
7.566394080996884375e-01 1.738198678861788693e+00
7.611224688473519073e-01 1.726498983739837456e+00
7.685942367601245051e-01 1.713239329268292810e+00
7.772614875389406430e-01 1.699667682926829348e+00
7.835377725856697007e-01 1.685940040650406591e+00
7.895151869158877345e-01 1.675800304878048985e+00
7.957914719626167921e-01 1.662540650406504339e+00
8.044587227414329300e-01 1.650060975609756175e+00
8.131259735202490679e-01 1.635085365853658601e+00
8.197011292834890384e-01 1.621981707317073473e+00
8.313570872274143042e-01 1.611061991869918941e+00
8.433119158878503718e-01 1.598972306910569241e+00
8.612441588785045843e-01 1.585322662601626131e+00
8.731989875389407629e-01 1.575182926829268526e+00
8.851538161993768306e-01 1.569333079268292908e+00
8.971086448598130092e-01 1.564263211382113994e+00
9.090634735202491878e-01 1.559973323170732007e+00
9.213171728971962793e-01 1.551783536585366052e+00
9.329731308411213231e-01 1.543983739837398561e+00
9.446290887850465889e-01 1.532752032520325436e+00
9.568827881619936804e-01 1.520584349593496087e+00
9.655500389408098183e-01 1.507168699186992145e+00
9.778037383177569097e-01 1.495625000000000204e+00
9.864709890965730477e-01 1.481273373983740038e+00
9.927472741433021053e-01 1.469105691056910912e+00
9.987246884735201391e-01 1.458575965447154843e+00
1.009185163551401754e+00 1.457665989159891762e+00
1.048038356697819307e+00 1.431666666666666865e+00
1.064476246105918955e+00 1.443366361788618102e+00
1.076431074766355023e+00 1.447266260162601847e+00
1.088385903426791312e+00 1.452726117886179225e+00
1.100340732087227380e+00 1.458965955284553084e+00
1.112295560747663448e+00 1.467545731707317280e+00
1.124250389408099515e+00 1.474955538617886530e+00
1.136205218068535805e+00 1.482365345528455558e+00
1.148160046728971873e+00 1.490945121951219754e+00
1.160114875389407940e+00 1.499914888211382413e+00
1.172069704049844230e+00 1.505374745934959568e+00
1.184024532710280297e+00 1.510444613821138482e+00
1.195979361370716365e+00 1.515124491869918932e+00
1.207934190031152655e+00 1.523704268292683128e+00
1.219889018691588722e+00 1.529554115853658747e+00
1.231843847352024790e+00 1.534623983739837660e+00
1.243798676012461080e+00 1.539303861788618111e+00
1.255753504672897147e+00 1.542813770325203393e+00
1.267708333333333215e+00 1.549053607723577475e+00
1.279663161993769505e+00 1.560363313008130248e+00
1.290977553404539346e+00 1.569388792102206942e+00
1.303871690031152664e+00 1.581734756097561201e+00
1.312538940809968802e+00 1.590782520325203508e+00
1.323497533748702049e+00 1.597282350948509677e+00
1.335452362409138116e+00 1.611061991869918941e+00
1.347407191069574184e+00 1.622241700542005560e+00
1.357070677570093364e+00 1.636957317073171048e+00
1.363346962616822422e+00 1.651620934959349807e+00
1.375002920560747466e+00 1.662540650406504339e+00
1.381578076323987547e+00 1.676580284552845690e+00
1.390245327102803685e+00 1.689839939024390336e+00
1.399211448598130847e+00 1.705699525745257628e+00
1.408177570093457787e+00 1.721039126016260301e+00
1.416844820872273925e+00 1.737418699186991988e+00
1.423121105919002982e+00 1.750678353658536857e+00
1.429098520249221016e+00 1.763158028455284576e+00
1.433581580996884597e+00 1.774857723577235813e+00
1.440754478193146282e+00 1.790145325203252202e+00
1.445536409657320887e+00 1.806056910569105778e+00
1.452709306853582349e+00 1.820408536585365944e+00
1.459284462616822431e+00 1.834760162601626110e+00
1.466457359813084116e+00 1.850125762195121926e+00
1.473630257009345579e+00 1.867207317073170891e+00
1.478412188473520184e+00 1.883014905149051677e+00
1.485585085669781868e+00 1.898094512195122041e+00
1.491861370716510926e+00 1.913694105691057024e+00
1.497838785046728960e+00 1.926173780487804965e+00
1.503816199376946994e+00 1.938653455284552907e+00
1.508299260124610575e+00 1.950093157181571835e+00
1.512035144080996707e+00 1.963222815040650548e+00
1.515771028037383061e+00 1.978042428861788604e+00
1.520851830218068690e+00 1.993252032520325123e+00
1.526978679906541903e+00 2.014311483739837705e+00
1.529220210280373804e+00 2.028611111111111143e+00
1.526231503115264676e+00 2.001051829268292614e+00
1.536691978193146291e+00 2.042650745257452716e+00
1.544163746105919000e+00 2.054870426829268126e+00
1.551336643302180462e+00 2.070626016260162849e+00
1.556118574766355067e+00 2.085289634146341609e+00
1.562095989096573101e+00 2.098939278455284718e+00
1.569268886292834786e+00 2.113992886178861497e+00
1.574050817757009169e+00 2.127928523035230057e+00
1.581223714953270854e+00 2.142072154471544643e+00
1.587499999999999911e+00 2.157047764227642439e+00
1.593776285046728969e+00 2.172023373983739791e+00
1.600949182242990654e+00 2.185127032520325141e+00
1.608122079439252117e+00 2.201350609756097754e+00
1.614697235202492198e+00 2.215702235772357476e+00
1.623065615264797312e+00 2.230677845528455272e+00
1.635319314641744404e+00 2.240505589430894062e+00
1.639802375389407985e+00 2.252725271002709917e+00
1.644285436137071565e+00 2.260785060975609717e+00
1.673873637071650933e+00 2.285900406504064897e+00
1.680448792834891014e+00 2.299316056910568840e+00
1.688817172897196128e+00 2.311171747967479817e+00
1.695392328660436210e+00 2.324275406504065167e+00
1.703312402647974899e+00 2.336833079268292757e+00
1.713025700934579287e+00 2.344632876016260248e+00
1.721991822429906449e+00 2.356722560975609504e+00
1.724980529595015577e+00 2.367642276422764258e+00
1.720497468847351996e+00 2.344242886178861784e+00
1.732452297507788064e+00 2.359322493224932149e+00
1.736935358255451645e+00 2.372322154471544486e+00
1.748890186915887712e+00 2.384021849593495723e+00
1.760845015576324002e+00 2.391301659891598597e+00
1.772799844236760070e+00 2.403521341463414451e+00
1.784754672897196137e+00 2.405471290650406324e+00
1.796709501557632427e+00 2.405471290650406324e+00
1.802686915887850461e+00 2.417170985772357561e+00
1.814342873831775504e+00 2.423488821138211513e+00
1.826596573208722596e+00 2.434720528455284416e+00
1.838551401869158886e+00 2.439400406504065089e+00
1.850506230529594953e+00 2.444860264227642244e+00
1.862461059190031021e+00 2.453050050813008198e+00
1.874415887850467310e+00 2.458509908536585353e+00
1.886370716510903378e+00 2.467479674796747791e+00
1.898325545171339446e+00 2.472159552845528463e+00
1.910280373831775513e+00 2.478009400406504081e+00
1.922235202492211581e+00 2.482689278455284310e+00
1.934190031152648093e+00 2.490099085365853337e+00
1.946144859813084160e+00 2.503358739837397984e+00
1.958398559190031030e+00 2.515214430894308961e+00
1.967364680685358191e+00 2.528942073170731497e+00
1.971548870716510748e+00 2.516462398373983778e+00
1.981511227933541175e+00 2.522338245257452538e+00
1.991274338006230327e+00 2.531438008130081130e+00
2.000582026034712690e+00 2.520741144018582958e+00
2.010900181723779490e+00 2.530918021680216512e+00
2.023851246105918822e+00 2.540017784552845548e+00
2.035806074766354890e+00 2.543527693089430830e+00
2.042082359813083947e+00 2.550157520325202931e+00
2.049255257009345854e+00 2.543397696476964676e+00
2.053738317757009213e+00 2.554837398373983604e+00
2.065693146417445281e+00 2.556007367886178550e+00
2.077647975077881348e+00 2.553277439024390194e+00
2.089602803738317860e+00 2.550547510162601395e+00
2.101557632398753928e+00 2.545477642276422703e+00
2.114409073208722400e+00 2.549221544715447152e+00
2.125467289719626063e+00 2.553277439024390194e+00
2.126363901869158468e+00 2.539549796747967214e+00
2.137422118380062130e+00 2.558347306910568886e+00
2.132939057632398772e+00 2.547037601626016112e+00
2.149376947040498198e+00 2.559127286585365812e+00
2.161331775700934710e+00 2.561077235772357685e+00
2.173286604361370777e+00 2.561077235772357685e+00
2.179904455941254593e+00 2.539460656213704759e+00
2.192215083073727921e+00 2.541317750677506648e+00
2.191218847352024657e+00 2.528708079268292330e+00
2.200184968847351819e+00 2.559517276422764276e+00
2.201679322429906271e+00 2.547557588075880730e+00
2.212139797507787886e+00 2.558217310298102731e+00
2.221105919003115048e+00 2.549377540650406448e+00
2.224094626168224398e+00 2.562637195121951095e+00
2.236049454828660465e+00 2.568097052845528250e+00
2.248004283489096533e+00 2.570436991869918586e+00
2.259959112149532601e+00 2.574726880081300795e+00
2.271913940809968668e+00 2.576676829268292668e+00
2.283868769470404736e+00 2.582526676829268286e+00
2.295823598130841248e+00 2.581356707317072896e+00
2.307778426791277315e+00 2.583306656504064769e+00
2.319733255451713383e+00 2.581746697154471359e+00
2.331688084112149451e+00 2.582136686991869823e+00
2.343642912772585518e+00 2.589156504065040387e+00
2.343642912772585518e+00 2.580576727642276413e+00
2.355597741433021586e+00 2.583696646341463232e+00
2.367851440809968899e+00 2.586660569105690755e+00
2.376518691588784815e+00 2.571801956300812986e+00
2.387576908099688477e+00 2.575116869918698814e+00
2.400129478193146149e+00 2.575116869918698814e+00
2.406405763239875206e+00 2.582526676829268286e+00
2.419257204049844123e+00 2.581044715447154303e+00
2.429418808411214936e+00 2.577924796747967484e+00
2.442910686470849857e+00 2.575116869918698814e+00
2.453328465732087071e+00 2.566693089430894137e+00
2.456715667185877638e+00 2.561077235772357685e+00
2.469168613707164894e+00 2.571216971544715069e+00
2.481123442367600962e+00 2.571216971544715069e+00
2.493078271028037474e+00 2.566147103658536377e+00
2.505033099688473541e+00 2.562247205284552631e+00
2.517286799065420411e+00 2.561701219512194871e+00
2.524459696261682318e+00 2.568357046070460559e+00
2.528942757009345677e+00 2.555227388211382067e+00
2.540897585669781744e+00 2.552887449186991731e+00
2.552852414330217812e+00 2.550547510162601395e+00
2.564508372274143078e+00 2.544853658536585073e+00
2.571282775181723768e+00 2.538717818428184003e+00
2.582739485981308203e+00 2.531438008130081130e+00
2.594694314641744270e+00 2.524028201219512102e+00
